Running on host node071
Time is Tue Oct 8 15:26:04 BST 2013
Directory is /gpfs/cluster/cosc/dm1905/week2/openmp.r544/examples/example4
PBS job ID is 626777.bluecrystal1.cm.cluster
This jobs runs on the following machines:
node071.cm.cluster
[1.000000 0.500000 0.000000 0.000000 0.000000 0.000000 0.000000 0.000000 0.000000 0.000000 0.000000 0.000000 0.000000 0.000000 0.000000 0.000000 0.000000 0.000000 0.000000 0.000000 0.000000 0.000000 0.000000 0.000000 0.000000 0.000000 0.000000 0.000000 0.000000 0.000000 0.000000 0.000000 0.000000 0.000000 0.000000 0.000000 0.000000 0.000000 0.000000 0.000000 0.000000 0.000000 0.000000 0.000000 0.000000 0.000000 0.000000 0.000000 0.000000 0.000000 0.000000 0.000000 0.000000 0.000000 0.000000 0.000000 0.000000 0.000000 0.000000 0.000000 0.000000 0.000000 0.000000 0.000000 0.000000 0.000000 0.000000 0.000000 0.000000 0.000000 0.000000 0.000000 0.000000 0.000000 0.000000 0.000000 0.000000 0.000000 0.000000 0.000000 0.000000 0.000000 0.000000 0.000000 0.000000 0.000000 0.000000 0.000000 0.000000 0.000000 0.000000 0.000000 0.000000 0.000000 0.000000 0.000000 0.000000 0.000000 5.000000 10.000000 ]
[1.000000 0.921191 0.842382 0.766604 0.690826 0.620768 0.550709 0.488434 0.426160 0.372944 0.319727 0.276014 0.232300 0.197790 0.163279 0.137099 0.110918 0.091838 0.072757 0.059401 0.046044 0.037067 0.028089 0.022298 0.016506 0.012920 0.009335 0.007206 0.005077 0.003866 0.002654 0.001993 0.001332 0.000987 0.000641 0.000469 0.000296 0.000213 0.000131 0.000093 0.000055 0.000039 0.000022 0.000016 0.000009 0.000006 0.000004 0.000003 0.000004 0.000004 0.000008 0.000011 0.000022 0.000032 0.000059 0.000086 0.000155 0.000224 0.000389 0.000553 0.000931 0.001308 0.002134 0.002960 0.004686 0.006412 0.009865 0.013318 0.019928 0.026538 0.038656 0.050774 0.072062 0.093350 0.129205 0.165059 0.222977 0.280895 0.370668 0.460441 0.594005 0.727570 0.918377 1.109183 1.370988 1.632793 1.977899 2.323005 2.760139 3.197273 3.729437 4.261600 4.884345 5.507089 6.207677 6.908264 7.666043 8.423821 9.211910 10.000000 ]
[1.000000 0.943930 0.887861 0.832891 0.777921 0.725085 0.672250 0.622463 0.572676 0.526682 0.480688 0.439033 0.397378 0.360395 0.323412 0.291223 0.259034 0.231569 0.204105 0.181135 0.158166 0.139334 0.120503 0.105371 0.090239 0.078321 0.066404 0.057204 0.048006 0.041047 0.034091 0.028934 0.023781 0.020039 0.016303 0.013648 0.011005 0.009170 0.007357 0.006134 0.004952 0.004190 0.003500 0.003104 0.002832 0.002759 0.002896 0.003165 0.003778 0.004477 0.005727 0.007033 0.009205 0.011411 0.014947 0.018505 0.024059 0.029626 0.038124 0.046630 0.059340 0.072054 0.090662 0.109272 0.135956 0.162640 0.200127 0.237614 0.289214 0.340814 0.410414 0.480015 0.572016 0.664017 0.783200 0.902383 1.053706 1.205028 1.393341 1.581653 1.811353 2.041053 2.315694 2.590335 2.912227 3.234118 3.603950 3.973783 4.390331 4.806879 5.266818 5.726756 6.224628 6.722500 7.250853 7.779207 8.328908 8.878609 9.439305 10.000000 ]
[1.000000 0.954125 0.908250 0.862979 0.817707 0.773619 0.729532 0.687162 0.644792 0.604609 0.564426 0.526820 0.489213 0.454482 0.419751 0.388098 0.356447 0.327982 0.299519 0.274260 0.249006 0.226891 0.204785 0.185685 0.166599 0.150329 0.134083 0.120423 0.106802 0.095509 0.084277 0.075104 0.066025 0.058735 0.051588 0.045968 0.040562 0.036438 0.032631 0.029883 0.027595 0.026168 0.025403 0.025325 0.026181 0.027579 0.030277 0.033395 0.038295 0.043517 0.051146 0.059016 0.070091 0.081343 0.096794 0.112375 0.133371 0.154462 0.182432 0.210468 0.247108 0.283793 0.331066 0.378371 0.438497 0.498645 0.574064 0.649497 0.742816 0.836145 0.950065 1.063991 1.201203 1.338419 1.501488 1.664560 1.855789 2.047019 2.268300 2.489582 2.742252 2.994922 3.279621 3.564321 3.880875 4.197429 4.544759 4.892089 5.268164 5.644239 6.046072 6.447906 6.871608 7.295310 7.736189 8.177068 8.629783 9.082498 9.541249 10.000000 ]
[1.000000 0.960233 0.920467 0.881095 0.841724 0.803129 0.764537 0.727079 0.689627 0.653636 0.617652 0.583416 0.549191 0.516952 0.484729 0.454678 0.424652 0.396929 0.369243 0.343940 0.318690 0.295848 0.273084 0.252707 0.232442 0.214499 0.196714 0.181151 0.165810 0.152562 0.139621 0.128622 0.118044 0.109242 0.101012 0.094383 0.088524 0.084088 0.080673 0.078509 0.077685 0.077946 0.079947 0.082877 0.088041 0.093990 0.102776 0.112217 0.125217 0.138758 0.156712 0.175108 0.198913 0.223075 0.253790 0.284789 0.323632 0.362699 0.411042 0.459560 0.518914 0.578402 0.650390 0.722480 0.808808 0.895212 0.997620 1.100085 1.220299 1.340555 1.480224 1.619924 1.780552 1.941203 2.124078 2.306969 2.513089 2.719220 2.949221 3.179230 3.433325 3.687426 3.965350 4.243278 4.544246 4.845217 5.167908 5.490601 5.833152 6.175704 6.535733 6.895763 7.270413 7.645064 8.031068 8.417072 8.810835 9.204598 9.602299 10.000000 ]
[1.000000 0.964445 0.928893 0.893623 0.858363 0.823660 0.788975 0.755110 0.721271 0.688496 0.655759 0.624306 0.592906 0.562982 0.533132 0.504915 0.476803 0.450449 0.424236 0.399873 0.375700 0.353433 0.331420 0.311336 0.291590 0.273763 0.256382 0.240882 0.225963 0.212864 0.200514 0.189903 0.180250 0.172236 0.165440 0.160170 0.156430 0.154096 0.153670 0.154524 0.157734 0.162098 0.169344 0.177618 0.189387 0.202063 0.218936 0.236602 0.259260 0.282606 0.311834 0.341651 0.378335 0.415518 0.460639 0.506179 0.560804 0.615779 0.681046 0.746601 0.823699 0.901033 0.991175 1.081508 1.185902 1.290450 1.410264 1.530200 1.666523 1.802941 1.956740 2.110613 2.282693 2.454831 2.645793 2.836799 3.046999 3.257233 3.486747 3.716286 3.964880 4.213493 4.480602 4.747724 5.032438 5.317161 5.618223 5.919293 6.235109 6.550931 6.879592 7.208256 7.547566 7.886878 8.234400 8.581923 8.935029 9.288136 9.644068 10.000000 ]
[1.000000 0.967677 0.935363 0.903265 0.871196 0.839553 0.807962 0.776999 0.746113 0.716046 0.686087 0.657122 0.628303 0.600635 0.573160 0.546970 0.521034 0.496496 0.472285 0.449561 0.427256 0.406503 0.386283 0.367653 0.349698 0.333349 0.317843 0.303940 0.291082 0.279802 0.269810 0.261354 0.254473 0.249069 0.245576 0.243489 0.243704 0.245244 0.249533 0.255061 0.263846 0.273777 0.287541 0.302354 0.321640 0.341879 0.367298 0.393575 0.425801 0.458793 0.498562 0.539008 0.587112 0.635810 0.693087 0.750882 0.818207 0.885978 0.964242 1.042890 1.132989 1.223414 1.326222 1.429305 1.545653 1.662231 1.792881 1.923723 2.069342 2.215119 2.376252 2.537514 2.714557 2.891704 3.084878 3.278136 3.487469 3.696869 3.922172 4.147529 4.388386 4.629286 4.885044 5.140835 5.410599 5.680389 5.963030 6.245691 6.539851 6.834027 7.138142 7.442268 7.754587 8.066914 8.385530 8.704150 9.027034 9.349921 9.674960 10.000000 ]
[1.000000 0.970444 0.940908 0.911543 0.882241 0.853278 0.824423 0.796070 0.767876 0.740336 0.713014 0.686491 0.660252 0.634943 0.609999 0.586099 0.562662 0.540368 0.518650 0.498158 0.478378 0.459889 0.442271 0.425991 0.410771 0.396918 0.384344 0.373150 0.363491 0.355206 0.348751 0.343651 0.340715 0.339104 0.340035 0.342248 0.347428 0.353836 0.363686 0.374703 0.389683 0.405762 0.426374 0.448013 0.474802 0.502543 0.536092 0.570516 0.611446 0.653175 0.702139 0.751826 0.809499 0.867822 0.934895 1.002549 1.079717 1.157400 1.245349 1.333750 1.433139 1.532924 1.644373 1.756166 1.880237 2.004604 2.141783 2.279216 2.429893 2.580787 2.745244 2.909884 3.088272 3.266813 3.459140 3.651595 3.857713 4.063938 4.283535 4.503219 4.735809 4.968469 5.213390 5.458368 5.714784 5.971247 6.238154 6.505097 6.781331 7.057593 7.341843 7.626114 7.916941 8.207784 8.503643 8.799513 9.098774 9.398042 9.699020 10.000000 ]
[1.000000 0.973066 0.946168 0.919409 0.892756 0.866382 0.840188 0.814406 0.788886 0.763906 0.739278 0.715309 0.691793 0.669047 0.646869 0.625562 0.604954 0.585304 0.566504 0.548738 0.531996 0.516349 0.501924 0.488643 0.476809 0.466153 0.457200 0.449447 0.443685 0.439130 0.436888 0.435850 0.437484 0.440305 0.446192 0.453242 0.463790 0.475465 0.491106 0.507833 0.529030 0.551263 0.578502 0.606724 0.640519 0.675238 0.716121 0.757868 0.806389 0.855713 0.912433 0.969894 1.035378 1.101539 1.176347 1.251770 1.336446 1.421679 1.516742 1.612306 1.718240 1.824621 1.941860 2.059495 2.188409 2.317673 2.458562 2.599757 2.752829 2.906169 3.071539 3.237140 3.414811 3.592680 3.782537 3.972564 4.174367 4.376314 4.589693 4.803195 5.027646 5.252200 5.487087 5.722059 5.966613 6.211237 6.464565 6.717949 6.979039 7.240174 7.507909 7.775679 8.048849 8.322045 8.599361 8.876696 9.156813 9.436940 9.718468 10.000000 ]
[1.000000 0.975738 0.951527 0.927433 0.903493 0.879787 0.856340 0.833240 0.810513 0.788241 0.766464 0.745244 0.724652 0.704713 0.685550 0.667126 0.649642 0.632976 0.617431 0.602772 0.589438 0.577048 0.566209 0.556361 0.548315 0.541297 0.536358 0.532472 0.530971 0.530539 0.532824 0.536183 0.542622 0.550131 0.561110 0.573146 0.589072 0.606032 0.627328 0.649629 0.676735 0.704813 0.738184 0.772487 0.812591 0.853582 0.900893 0.949043 1.004039 1.059823 1.122978 1.186870 1.258649 1.331114 1.411967 1.493452 1.583804 1.674736 1.774978 1.875749 1.986230 2.097191 2.218209 2.339662 2.471456 2.603639 2.746377 2.889463 3.043236 3.197318 3.362131 3.527217 3.702984 3.878990 4.065526 4.252270 4.449287 4.646485 4.853592 5.060854 5.277555 5.494387 5.720079 5.945884 6.179865 6.413940 6.655412 6.896961 7.145035 7.393173 7.646882 7.900640 8.158946 8.417289 8.679096 8.940928 9.205096 9.469279 9.734637 10.000000 ]
[1.000000 0.978560 0.957186 0.935913 0.914840 0.893967 0.873432 0.853193 0.833436 0.814069 0.795336 0.777081 0.759622 0.742725 0.726800 0.711513 0.697388 0.683972 0.671924 0.660647 0.650963 0.642104 0.635083 0.628932 0.624886 0.621746 0.621000 0.621187 0.624077 0.627921 0.634801 0.642645 0.653880 0.666081 0.682051 0.698981 0.720075 0.742118 0.768737 0.796288 0.828843 0.862304 0.901210 0.940992 0.986667 1.033183 1.086042 1.139705 1.200158 1.261375 1.329820 1.398988 1.475807 1.553305 1.638857 1.725043 1.819657 1.914860 2.018828 2.123341 2.236914 2.350987 2.474364 2.598198 2.731521 2.865260 3.008609 3.152335 3.305721 3.459447 3.622806 3.786468 3.959658 4.133118 4.315914 4.498950 4.691044 4.883349 5.084347 5.285528 5.494951 5.704534 5.921819 6.139242 6.363748 6.588371 6.819379 7.050485 7.287209 7.524012 7.765601 8.007253 8.252803 8.498400 8.746962 8.995558 9.246150 9.496762 9.748378 10.000000 ]
[1.000000 0.981569 0.963219 0.944956 0.926936 0.909089 0.891651 0.874470 0.857870 0.841608 0.826104 0.811017 0.796875 0.783224 0.770717 0.758768 0.748174 0.738201 0.729808 0.722093 0.716199 0.711031 0.707941 0.705622 0.705652 0.706489 0.709967 0.714280 0.721542 0.729659 0.741051 0.753313 0.769189 0.785942 0.806666 0.828267 0.854206 0.881018 0.912546 0.944935 0.982426 1.020762 1.064590 1.109242 1.159778 1.211111 1.268715 1.327087 1.392110 1.457868 1.530642 1.604117 1.684954 1.766456 1.855641 1.945453 2.043241 2.141616 2.248223 2.355378 2.470978 2.587088 2.711809 2.837001 2.970916 3.105265 3.248394 3.391919 3.544216 3.696875 3.858234 4.019920 4.190164 4.360704 4.539589 4.718738 4.905949 5.093394 5.288544 5.483902 5.686535 5.889350 6.098943 6.308694 6.524658 6.740757 6.962443 7.184244 7.410947 7.637744 7.868710 8.099751 8.334181 8.568670 8.805732 9.042836 9.281671 9.520531 9.760262 10.000000 ]
[1.000000 0.984762 0.969618 0.954550 0.939761 0.925125 0.910958 0.897018 0.883740 0.870761 0.858645 0.846896 0.836217 0.825971 0.817012 0.808547 0.801595 0.795194 0.790544 0.786496 0.784450 0.783051 0.783916 0.785469 0.789561 0.794377 0.802018 0.810412 0.821932 0.834226 0.849960 0.866483 0.886768 0.907854 0.933034 0.959018 0.989435 1.020657 1.056655 1.093451 1.135369 1.178075 1.226248 1.275194 1.329947 1.385453 1.447100 1.509477 1.578315 1.647857 1.724163 1.801146 1.885175 1.969850 2.061829 2.154421 2.254543 2.355246 2.463670 2.572640 2.689483 2.806838 2.932174 3.057988 3.191842 3.326140 3.468487 3.611243 3.762003 3.913139 4.072175 4.231556 4.398674 4.566105 4.741052 4.916281 5.098742 5.281456 5.471059 5.660887 5.857200 6.053712 6.256248 6.458958 6.667176 6.875545 7.088855 7.302293 7.520058 7.737931 7.959476 8.181107 8.405721 8.630401 8.857344 9.084334 9.312845 9.541384 9.770687 10.000000 ]
[1.000000 0.988114 0.976332 0.964617 0.953212 0.941942 0.931189 0.920638 0.910817 0.901261 0.892653 0.884370 0.877258 0.870531 0.865203 0.860317 0.857066 0.854309 0.853433 0.853097 0.854898 0.857282 0.862066 0.867471 0.875550 0.884282 0.895970 0.908338 0.923953 0.940271 0.960132 0.980715 1.005144 1.030306 1.059623 1.089681 1.124204 1.159470 1.199512 1.240296 1.286165 1.332769 1.384762 1.437480 1.495883 1.554997 1.620082 1.685859 1.757878 1.830569 1.909754 1.989588 2.076145 2.163326 2.257435 2.352141 2.453948 2.556325 2.665944 2.776103 2.893608 3.011623 3.137048 3.262952 3.396288 3.530070 3.671260 3.812865 3.961805 4.111130 4.267666 4.424556 4.588483 4.752736 4.923799 5.095159 5.273051 5.451211 5.635576 5.820181 6.010611 6.201254 6.397296 6.593525 6.794680 6.995999 7.201727 7.407595 7.617319 7.827161 8.040270 8.253474 8.469329 8.685256 8.903194 9.121183 9.340523 9.559893 9.779941 10.000000 ]
[1.000000 0.991589 0.983288 0.975048 0.967140 0.959354 0.952122 0.945071 0.938801 0.932768 0.927746 0.923017 0.919532 0.916394 0.914738 0.913478 0.913945 0.914856 0.917743 0.921118 0.926725 0.932859 0.941487 0.950678 0.962632 0.975179 0.990763 1.006967 1.026486 1.046648 1.070405 1.094825 1.123124 1.152098 1.185237 1.219060 1.257332 1.296293 1.339985 1.384366 1.433754 1.483829 1.539178 1.595207 1.656769 1.719000 1.787009 1.855675 1.930346 2.005658 2.087184 2.169333 2.257884 2.347035 2.442751 2.539044 2.642034 2.745578 2.855921 2.966791 3.084528 3.202766 3.327901 3.453510 3.586008 3.718951 3.858734 3.998935 4.145884 4.293222 4.447173 4.601483 4.762228 4.923304 5.090588 5.258177 5.431705 5.605509 5.784939 5.964619 6.149569 6.334742 6.524789 6.715034 6.909717 7.104572 7.303396 7.502367 7.704803 7.907363 8.112856 8.318450 8.526421 8.734469 8.944318 9.154223 9.365336 9.576482 9.788236 10.000000 ]
[1.000000 0.995146 0.990408 0.985724 0.981389 0.977164 0.973520 0.970039 0.967375 0.964925 0.963531 0.962402 0.962568 0.963048 0.965067 0.967446 0.971611 0.976178 0.982783 0.989831 0.999171 1.008991 1.021362 1.034245 1.049940 1.066178 1.085492 1.105374 1.128597 1.152412 1.179833 1.207863 1.239766 1.272292 1.308954 1.346251 1.387943 1.430275 1.477258 1.524884 1.577407 1.630573 1.688873 1.747812 1.812111 1.877041 1.947540 2.018662 2.095547 2.173041 2.256472 2.340497 2.430612 2.521303 2.618210 2.715675 2.819457 2.923776 3.034482 3.145702 3.263349 3.381486 3.506057 3.631092 3.762532 3.894411 4.032629 4.171259 4.316124 4.461376 4.612720 4.764424 4.922037 5.079985 5.243621 5.407565 5.576938 5.746592 5.921378 6.096419 6.276257 6.456325 6.640821 6.825520 7.014247 7.203152 7.395651 7.588305 7.784093 7.980011 8.178579 8.377253 8.578073 8.778975 8.981502 9.184087 9.387763 9.591473 9.795731 10.000000 ]
[1.000000 0.998747 0.997615 0.996531 0.995807 0.995182 0.995156 0.995278 0.996241 0.997398 0.999638 1.002120 1.005928 1.010022 1.015689 1.021684 1.029500 1.037683 1.047936 1.058594 1.071574 1.084994 1.100987 1.117451 1.136743 1.156533 1.179405 1.202800 1.229529 1.256803 1.287662 1.319084 1.354338 1.390171 1.430080 1.470579 1.515391 1.560801 1.610755 1.661311 1.716634 1.772558 1.833460 1.894962 1.961637 2.028909 2.101536 2.174751 2.253486 2.332800 2.417778 2.503323 2.594656 2.686541 2.784313 2.882621 2.986890 3.091677 3.202473 3.313767 3.431086 3.548882 3.672692 3.796955 3.927187 4.057851 4.194404 4.331365 4.474103 4.617225 4.765979 4.915091 5.069654 5.224550 5.384682 5.545122 5.710548 5.876257 6.046671 6.217342 6.392404 6.567698 6.747039 6.926587 7.109809 7.293213 7.479893 7.666731 7.856422 8.046247 8.238482 8.430826 8.625120 8.819499 9.015353 9.211268 9.408173 9.605113 9.802551 10.000000 ]
[1.000000 1.002359 1.004840 1.007367 1.010258 1.013239 1.016829 1.020554 1.025131 1.029887 1.035739 1.041812 1.049226 1.056902 1.066166 1.075729 1.087126 1.098861 1.112675 1.126861 1.143373 1.160290 1.179778 1.199699 1.222438 1.245636 1.271894 1.298636 1.328677 1.359224 1.393306 1.427911 1.466285 1.505195 1.548099 1.591552 1.639218 1.687441 1.740085 1.793293 1.851121 1.909515 1.972716 2.036484 2.105231 2.174542 2.248991 2.323998 2.404282 2.485117 2.571351 2.658124 2.750397 2.843197 2.941574 3.040465 3.144987 3.250006 3.360683 3.471840 3.588656 3.705935 3.828844 3.952196 4.081123 4.210471 4.345307 4.480543 4.621150 4.762134 4.908343 5.054905 5.206514 5.358453 5.515230 5.672312 5.833994 5.995958 6.162255 6.328808 6.499400 6.670223 6.844763 7.019511 7.197629 7.375930 7.557233 7.738694 7.922768 8.106976 8.293390 8.479913 8.668219 8.856610 9.046350 9.236151 9.426856 9.617597 9.808793 10.000000 ]
[1.000000 1.005952 1.012026 1.018142 1.024624 1.031189 1.038365 1.045664 1.053819 1.062137 1.071554 1.081174 1.092136 1.103339 1.116127 1.129192 1.144086 1.159290 1.176565 1.194182 1.214110 1.234410 1.257260 1.280510 1.306544 1.333004 1.362481 1.392407 1.425577 1.459216 1.496322 1.533915 1.575192 1.616969 1.662641 1.708825 1.759104 1.809905 1.864991 1.920606 1.980686 2.041297 2.106541 2.172319 2.242881 2.313975 2.389991 2.466535 2.548121 2.630229 2.717480 2.805245 2.898235 2.991728 3.090505 3.189774 3.294363 3.399431 3.509832 3.620696 3.736882 3.853513 3.975428 4.097772 4.225335 4.353306 4.486405 4.619894 4.758390 4.897255 5.040982 5.185055 5.333815 5.482901 5.636472 5.790345 5.948477 6.106888 6.269304 6.431976 6.598375 6.765005 6.935063 7.105328 7.278697 7.452250 7.628565 7.805039 7.983915 8.162926 8.343963 8.525111 8.707896 8.890767 9.074876 9.259046 9.444045 9.629082 9.814535 10.000000 ]
[1.000000 1.009500 1.019123 1.028783 1.038808 1.048910 1.059618 1.070442 1.082114 1.093938 1.106854 1.119956 1.134390 1.149047 1.165275 1.181758 1.200050 1.218630 1.239255 1.260197 1.283418 1.306984 1.333059 1.359506 1.388687 1.418265 1.450799 1.483750 1.519874 1.556436 1.596380 1.636779 1.680763 1.725216 1.773450 1.822164 1.874844 1.928014 1.985324 2.043131 2.105242 2.167854 2.234919 2.302488 2.374646 2.447306 2.524676 2.602546 2.685228 2.768406 2.856480 2.945044 3.038571 3.132578 3.231593 3.331078 3.435595 3.540570 3.650578 3.761031 3.876495 3.992389 4.113248 4.234521 4.360688 4.487253 4.618618 4.750360 4.886784 5.023566 5.164884 5.306540 5.452563 5.598904 5.749418 5.900228 6.054995 6.210035 6.368792 6.527799 6.690262 6.852953 7.018816 7.184885 7.353825 7.522946 7.694621 7.866452 8.040503 8.214686 8.390741 8.566905 8.744579 8.922339 9.101240 9.280202 9.459929 9.639693 9.819840 10.000000 ]
[1.000000 1.012985 1.026090 1.039231 1.052731 1.066303 1.080474 1.094751 1.109867 1.125122 1.141454 1.157959 1.175776 1.193799 1.213369 1.233175 1.254761 1.276613 1.300472 1.324627 1.351016 1.377725 1.406890 1.436401 1.468585 1.501137 1.536574 1.572399 1.611315 1.650638 1.693249 1.736285 1.782798 1.829751 1.880362 1.931424 1.986317 2.041670 2.101014 2.160825 2.224776 2.289199 2.357896 2.427069 2.500637 2.574680 2.653224 2.732243 2.815851 2.899931 2.988671 3.077877 3.171796 3.266175 3.365300 3.464876 3.569211 3.673987 3.783515 3.893471 4.008150 4.123244 4.243010 4.363175 4.487939 4.613086 4.742737 4.872753 5.007153 5.141901 5.280892 5.420212 5.563610 5.707317 5.854918 6.002807 6.154383 6.306226 6.461529 6.617076 6.775837 6.934821 7.096753 7.258885 7.423683 7.588659 7.756003 7.923502 8.093058 8.262745 8.434165 8.605693 8.778620 8.951631 9.125699 9.299826 9.474662 9.649534 9.824761 10.000000 ]
[1.000000 1.016390 1.032898 1.049438 1.066333 1.083293 1.100841 1.118488 1.136957 1.155557 1.175211 1.195026 1.216128 1.237420 1.260226 1.283253 1.308019 1.333034 1.360010 1.387260 1.416690 1.446419 1.478541 1.510986 1.546031 1.581420 1.619612 1.658168 1.699721 1.741655 1.786775 1.832291 1.881171 1.930462 1.983286 2.036533 2.093470 2.150841 2.212051 2.273701 2.339325 2.405395 2.475562 2.546178 2.620998 2.696269 2.775838 2.855857 2.940251 3.025093 3.114369 3.204089 3.298287 3.392922 3.492059 3.591626 3.695700 3.800194 3.909181 4.018578 4.132433 4.246685 4.365341 4.484380 4.607748 4.731484 4.859452 4.987773 5.120209 5.252981 5.389729 5.526796 5.667682 5.808867 5.953693 6.098800 6.247350 6.396161 6.548200 6.700478 6.855752 7.011244 7.169482 7.327916 7.488833 7.649923 7.813217 7.976662 8.142020 8.307506 8.474604 8.641807 8.810310 8.978895 9.148462 9.318088 9.488372 9.658691 9.829340 10.000000 ]
[1.000000 1.019703 1.039521 1.059370 1.079565 1.099820 1.120650 1.141572 1.163297 1.185142 1.208017 1.231043 1.255322 1.279779 1.305712 1.331850 1.359681 1.387745 1.417716 1.447944 1.480289 1.512915 1.547863 1.583112 1.620884 1.658977 1.699784 1.740933 1.784979 1.829384 1.876865 1.924719 1.975816 2.027300 2.082185 2.137469 2.196303 2.255544 2.318472 2.381814 2.448967 2.516542 2.588037 2.659958 2.735897 2.812263 2.892731 2.973626 3.058689 3.144177 3.233886 3.324016 3.418400 3.513201 3.612273 3.711754 3.815506 3.919659 4.028062 4.136857 4.249864 4.363252 4.480795 4.598706 4.720696 4.843040 4.969366 5.096033 5.226568 5.357427 5.492020 5.626921 5.765404 5.904177 6.046362 6.188819 6.334500 6.480433 6.629386 6.778572 6.930559 7.082757 7.237520 7.392475 7.549746 7.707187 7.866684 8.026329 8.187757 8.349311 8.512366 8.675524 8.839894 9.004344 9.169709 9.335131 9.501166 9.667236 9.833612 10.000000 ]
[1.000000 1.022916 1.045944 1.069001 1.092393 1.115843 1.139851 1.163945 1.188820 1.213808 1.239796 1.265924 1.293270 1.320783 1.349727 1.378865 1.409644 1.440641 1.473487 1.506573 1.541710 1.577110 1.614757 1.652687 1.693054 1.733723 1.777013 1.820624 1.867030 1.913773 1.963479 2.013536 2.066715 2.120258 2.177070 2.234258 2.294854 2.355834 2.420348 2.485255 2.553810 2.622763 2.695466 2.768572 2.845515 2.922864 3.004124 3.085789 3.171425 3.257465 3.347520 3.437976 3.532474 3.627368 3.726315 3.825654 3.929039 4.032808 4.140599 4.248766 4.360916 4.473430 4.589867 4.706658 4.827297 4.948276 5.073009 5.198068 5.326769 5.455782 5.588308 5.721129 5.857318 5.993786 6.133457 6.273391 6.416350 6.559553 6.705588 6.851847 7.000730 7.149818 7.301308 7.452984 7.606827 7.760835 7.916766 8.072840 8.230582 8.388446 8.547713 8.707080 8.867580 9.028157 9.189588 9.351076 9.513136 9.675229 9.837609 10.000000 ]
[1.000000 1.026022 1.052153 1.078311 1.104794 1.131331 1.158409 1.185568 1.213482 1.241503 1.270492 1.299613 1.329913 1.360369 1.392210 1.424232 1.457842 1.491656 1.527258 1.563084 1.600891 1.638945 1.679167 1.719656 1.762494 1.805617 1.851264 1.897213 1.945853 1.994809 2.046615 2.098752 2.153888 2.209366 2.267983 2.326954 2.389191 2.451792 2.517777 2.584132 2.653978 2.724201 2.798006 2.872193 2.950043 3.028276 3.110239 3.192587 3.278715 3.365228 3.455560 3.546273 3.640826 3.735758 3.834536 3.933688 4.036676 4.140030 4.247195 4.354718 4.466009 4.577650 4.692999 4.808687 4.928009 5.047657 5.170846 5.294349 5.421286 5.548522 5.679066 5.809896 5.943894 6.078161 6.215441 6.352974 6.493351 6.633962 6.777233 6.920721 7.066672 7.212821 7.361224 7.509806 7.660421 7.811194 7.963771 8.116486 8.270763 8.425159 8.580869 8.736676 8.893543 9.050486 9.208228 9.366025 9.524358 9.682722 9.841356 10.000000 ]
[1.000000 1.029018 1.058141 1.087290 1.116753 1.146266 1.176302 1.206414 1.237256 1.268197 1.300075 1.332075 1.365214 1.398500 1.433122 1.467914 1.504239 1.540754 1.578993 1.617444 1.657803 1.698393 1.741072 1.784002 1.829192 1.874650 1.922536 1.970706 2.021461 2.072515 2.126304 2.180405 2.237383 2.294685 2.354993 2.415637 2.479408 2.543522 2.610874 2.678577 2.749615 2.821010 2.895826 2.971003 3.049674 3.128710 3.211299 3.294254 3.380808 3.467728 3.558280 3.649195 3.743759 3.838683 3.937259 4.036191 4.138762 4.241682 4.348214 4.455088 4.565529 4.676305 4.790589 4.905197 5.023239 5.141594 5.263295 5.385296 5.510537 5.636065 5.764715 5.893637 6.025546 6.157714 6.292720 6.427968 6.565893 6.704044 6.844698 6.985560 7.128739 7.272108 7.417595 7.563255 7.710825 7.858548 8.007964 8.157514 8.308531 8.459661 8.612026 8.764484 8.917937 9.071463 9.225739 9.380068 9.534899 9.689761 9.844875 10.000000 ]
[1.000000 1.031902 1.063904 1.095931 1.128261 1.160637 1.193519 1.226471 1.260127 1.293876 1.328527 1.363294 1.399158 1.435159 1.472448 1.509897 1.548820 1.587923 1.628684 1.669645 1.712441 1.755455 1.800476 1.845733 1.893162 1.940843 1.990854 2.041134 2.093893 2.146935 2.202599 2.258557 2.317271 2.376291 2.438190 2.500405 2.565611 2.631143 2.699769 2.768727 2.840870 2.913351 2.989097 3.065186 3.144606 3.224371 3.307522 3.391020 3.477945 3.565216 3.655942 3.747014 3.841554 3.936437 4.034787 4.133476 4.235618 4.338093 4.443992 4.550218 4.659824 4.769748 4.882994 4.996550 5.113355 5.230459 5.350725 5.471280 5.594895 5.718786 5.845623 5.972723 6.102640 6.232806 6.365648 6.498723 6.634321 6.770136 6.908309 7.046682 7.187237 7.327975 7.470707 7.613604 7.758300 7.903142 8.049577 8.196141 8.344085 8.492138 8.641351 8.790654 8.940892 9.091201 9.242215 9.393280 9.544816 9.696383 9.848186 10.000000 ]
[1.000000 1.034672 1.069441 1.104232 1.139315 1.174443 1.210056 1.245735 1.282091 1.318536 1.355847 1.393268 1.431743 1.470347 1.510190 1.550182 1.591592 1.633171 1.676342 1.719701 1.764823 1.810150 1.857403 1.904878 1.954437 2.004234 2.056265 2.108548 2.163208 2.218134 2.275572 2.333287 2.393640 2.454281 2.517676 2.581370 2.647923 2.714784 2.784600 2.854731 2.927901 3.001392 3.077997 3.154927 3.235031 3.315464 3.399121 3.483108 3.570356 3.657934 3.748798 3.839990 3.934478 4.029292 4.127400 4.225831 4.327539 4.429564 4.534837 4.640422 4.749210 4.858302 4.970541 5.083076 5.198687 5.314583 5.433472 5.552636 5.674694 5.797016 5.922123 6.047481 6.175500 6.303757 6.434541 6.565549 6.698937 6.832534 6.968355 7.104368 7.242438 7.380684 7.520809 7.661094 7.803072 7.945193 8.088813 8.232557 8.377600 8.522749 8.668990 8.815317 8.962525 9.109801 9.257740 9.405728 9.554160 9.702622 9.851306 10.000000 ]
[1.000000 1.037329 1.074752 1.112195 1.149919 1.187684 1.225916 1.264210 1.303155 1.342182 1.382042 1.422005 1.462980 1.504077 1.546362 1.588788 1.632574 1.676520 1.721993 1.767643 1.814982 1.862516 1.911895 1.961485 2.013070 2.064880 2.118829 2.173017 2.229479 2.286193 2.345308 2.404687 2.466587 2.528761 2.593566 2.658653 2.726472 2.794581 2.865511 2.936740 3.010868 3.085301 3.162701 3.240410 3.321144 3.402190 3.486305 3.570734 3.658267 3.746113 3.837083 3.928366 4.022782 4.117509 4.215364 4.313526 4.414799 4.516375 4.621033 4.725987 4.833980 4.942262 5.053527 5.165074 5.279535 5.394269 5.511836 5.629665 5.750234 5.871055 5.994510 6.118204 6.244416 6.370855 6.499682 6.628723 6.760013 6.891502 7.025092 7.158866 7.294582 7.430466 7.568125 7.705935 7.845344 7.984889 8.125849 8.266927 8.409231 8.551635 8.695070 8.838588 8.982936 9.127348 9.272387 9.417472 9.562975 9.708507 9.854249 10.000000 ]
[1.000000 1.039875 1.079839 1.119824 1.160077 1.200369 1.241109 1.281907 1.323330 1.364830 1.407128 1.449524 1.492889 1.536370 1.580990 1.625742 1.671798 1.718005 1.765674 1.813510 1.862965 1.912603 1.964007 2.015610 2.069123 2.122848 2.178620 2.234617 2.292789 2.351199 2.411904 2.472859 2.536222 2.599845 2.665979 2.732382 2.801390 2.870675 2.942651 3.014909 3.089933 3.165244 3.243385 3.321817 3.403132 3.484742 3.569275 3.654106 3.741889 3.829971 3.921024 4.012375 4.106703 4.201327 4.298923 4.396812 4.497655 4.598786 4.702841 4.807180 4.914401 5.021898 5.132223 5.242817 5.356173 5.469790 5.586090 5.702641 5.821786 5.941172 6.063051 6.185159 6.309648 6.434355 6.561321 6.688491 6.817788 6.947276 7.078749 7.210398 7.343882 7.477528 7.612849 7.748317 7.885293 8.022400 8.160843 8.299400 8.439113 8.578924 8.719706 8.860568 9.002214 9.143921 9.286219 9.428562 9.571300 9.714065 9.857028 10.000000 ]
[1.000000 1.042311 1.084708 1.127124 1.169797 1.212508 1.255647 1.298841 1.342633 1.386498 1.431128 1.475849 1.521499 1.567258 1.614107 1.661082 1.709304 1.757669 1.807433 1.857355 1.908825 1.960469 2.013801 2.067322 2.122669 2.178216 2.235719 2.293436 2.353230 2.413250 2.475462 2.537911 2.602658 2.667651 2.735041 2.802686 2.872816 2.943208 3.016166 3.089392 3.165254 3.241389 3.320219 3.399326 3.481178 3.563311 3.648225 3.733423 3.821430 3.909720 4.000836 4.092235 4.186465 4.280975 4.378310 4.475923 4.576343 4.677036 4.780506 4.884246 4.990720 5.097459 5.206879 5.316556 5.428852 5.541396 5.656484 5.771812 5.889597 6.007612 6.127988 6.248583 6.371433 6.494490 6.619686 6.745077 6.872481 7.000067 7.129531 7.259163 7.390531 7.522053 7.655160 7.788406 7.923079 8.057877 8.193938 8.330107 8.467369 8.604725 8.742998 8.881348 9.020438 9.159588 9.299296 9.439046 9.579169 9.719319 9.859655 10.000000 ]
[1.000000 1.044641 1.089364 1.134104 1.179091 1.224113 1.269545 1.315029 1.361085 1.407211 1.454067 1.501011 1.548842 1.596777 1.645754 1.694851 1.745139 1.795562 1.847324 1.899235 1.952625 2.006179 2.061348 2.116695 2.173785 2.231066 2.290215 2.349566 2.410900 2.472448 2.536089 2.599953 2.666011 2.732302 2.800879 2.869697 2.940886 3.012323 3.086206 3.160343 3.236990 3.313898 3.393372 3.473110 3.555461 3.638078 3.723343 3.808876 3.897083 3.985559 4.076722 4.168154 4.262278 4.356668 4.453742 4.551081 4.651086 4.751352 4.854254 4.957413 5.063168 5.169174 5.277725 5.386521 5.497801 5.609318 5.723247 5.837404 5.953891 6.070598 6.189541 6.308695 6.429984 6.551471 6.674983 6.798682 6.924287 7.050066 7.177622 7.305340 7.434700 7.564207 7.695214 7.826355 7.958845 8.091454 8.225258 8.359166 8.494108 8.629138 8.765037 8.901010 9.037681 9.174410 9.311667 9.448964 9.586614 9.724289 9.862140 10.000000 ]
[1.000000 1.046866 1.093811 1.140773 1.187970 1.235200 1.282822 1.330493 1.378711 1.426995 1.475978 1.525043 1.574956 1.624967 1.675974 1.727094 1.779353 1.831740 1.885405 1.939212 1.994431 2.049805 2.106721 2.163806 2.222555 2.281486 2.342198 2.403102 2.465899 2.528898 2.593893 2.659101 2.726400 2.793921 2.863621 2.933550 3.005738 3.078161 3.152915 3.227910 3.305297 3.382931 3.463009 3.543337 3.626152 3.709220 3.794808 3.880651 3.969037 4.057679 4.148877 4.240330 4.334341 4.428607 4.525424 4.622492 4.722093 4.821942 4.924295 5.026893 5.131956 5.237257 5.344975 5.452926 5.563233 5.673767 5.786588 5.899628 6.014876 6.130334 6.247913 6.365692 6.485496 6.605488 6.727400 6.849490 6.973385 7.097446 7.223192 7.349091 7.476546 7.604141 7.733156 7.862299 7.992720 8.123254 8.254919 8.386684 8.519427 8.652255 8.785905 8.919625 9.054007 9.188443 9.323378 9.458353 9.593661 9.728993 9.864493 10.000000 ]
[1.000000 1.048991 1.098057 1.147139 1.196446 1.245784 1.295496 1.345256 1.395537 1.445881 1.496892 1.547981 1.599880 1.651872 1.704815 1.757864 1.812001 1.866260 1.921738 1.977351 2.034311 2.091419 2.149999 2.208737 2.269065 2.329563 2.391762 2.454142 2.518328 2.582705 2.648986 2.715468 2.783944 2.852630 2.923393 2.994373 3.067506 3.140862 3.216438 3.292243 3.370326 3.448643 3.529287 3.610168 3.693417 3.776906 3.862793 3.948922 4.037470 4.126262 4.217483 4.308948 4.402845 4.496984 4.593547 4.690350 4.789559 4.889004 4.990828 5.092885 5.197282 5.301907 5.408826 5.515967 5.625345 5.734938 5.846702 5.958674 6.072742 6.187010 6.303289 6.419759 6.538148 6.656718 6.777108 6.897667 7.019938 7.142367 7.266392 7.390565 7.516210 7.641991 7.769116 7.896363 8.024821 8.153388 8.283025 8.412757 8.543416 8.674156 8.805675 8.937260 9.069472 9.201736 9.334473 9.467247 9.600337 9.733450 9.866721 10.000000 ]
[1.000000 1.051018 1.102108 1.153213 1.204533 1.255883 1.307589 1.359341 1.411590 1.463898 1.516844 1.569863 1.623655 1.677536 1.732324 1.787213 1.843140 1.899181 1.956386 2.013719 2.072338 2.131097 2.191259 2.251572 2.313400 2.375390 2.439001 2.502785 2.568290 2.633976 2.701477 2.769169 2.838761 2.908552 2.980322 3.052298 3.126324 3.200563 3.276915 3.353485 3.432224 3.511185 3.592361 3.673762 3.757416 3.841299 3.927463 4.013858 4.102553 4.191480 4.282717 4.374186 4.467967 4.561979 4.658294 4.754837 4.853667 4.952722 5.054037 5.155573 5.259333 5.363309 5.469463 5.575829 5.684319 5.793014 5.903769 6.014722 6.127665 6.240797 6.355839 6.471062 6.588106 6.705323 6.824264 6.943368 7.064095 7.184973 7.307364 7.429896 7.553824 7.677881 7.803213 7.928661 8.055256 8.181955 8.309669 8.437474 8.566157 8.694917 8.824414 8.953976 9.084131 9.214336 9.344988 9.475677 9.606665 9.737674 9.868833 10.000000 ]
[1.000000 1.052952 1.105972 1.159006 1.212246 1.265513 1.319122 1.372772 1.426898 1.481080 1.535869 1.590728 1.646325 1.702006 1.758551 1.815193 1.872825 1.930565 1.989415 2.048386 2.108583 2.168913 2.230581 2.292392 2.355647 2.419056 2.484010 2.549128 2.615886 2.682816 2.751475 2.820315 2.890965 2.961805 3.034529 3.107449 3.182321 3.257395 3.334482 3.411775 3.491132 3.570701 3.652378 3.734269 3.818304 3.902556 3.988978 4.075619 4.164448 4.253498 4.344745 4.436212 4.529877 4.623761 4.719836 4.816127 4.914591 5.013270 5.114095 5.215132 5.318280 5.421635 5.527059 5.632683 5.740325 5.848162 5.957955 6.067937 6.179807 6.291858 6.405722 6.519757 6.635522 6.751450 6.869015 6.986735 7.105994 7.225398 7.346237 7.467209 7.589507 7.711927 7.835556 7.959296 8.084123 8.209050 8.334939 8.460914 8.587722 8.714604 8.842185 8.969826 9.098031 9.226283 9.354959 9.483670 9.612664 9.741679 9.870836 10.000000 ]
[1.000000 1.054795 1.109655 1.164529 1.219598 1.274694 1.330115 1.385576 1.441490 1.497457 1.554003 1.610616 1.667932 1.725328 1.783548 1.841859 1.901114 1.960472 2.020888 2.081419 2.143119 2.204944 2.268044 2.331280 2.395893 2.460651 2.526882 2.593268 2.661216 2.729328 2.799087 2.869018 2.940672 3.012506 3.086135 3.159950 3.235624 3.311489 3.389270 3.467248 3.547190 3.627333 3.709481 3.791834 3.876226 3.960824 4.047487 4.134358 4.223311 4.312472 4.403724 4.495184 4.588735 4.682494 4.778334 4.874381 4.972494 5.070810 5.171166 5.271723 5.374287 5.477047 5.581773 5.686690 5.793522 5.900540 6.009417 6.118472 6.229321 6.340342 6.453083 6.565989 6.680536 6.795238 6.911495 7.027898 7.145763 7.263765 7.383129 7.502620 7.623368 7.744234 7.866245 7.988363 8.111513 8.234757 8.358914 8.483153 8.608181 8.733280 8.859043 8.984863 9.111217 9.237616 9.364418 9.491252 9.618355 9.745478 9.872736 10.000000 ]
[1.000000 1.056552 1.113165 1.169792 1.226605 1.283443 1.340591 1.397776 1.455394 1.513062 1.571283 1.629566 1.688520 1.747548 1.807363 1.867265 1.928066 1.988964 2.050871 2.112886 2.176015 2.239264 2.303727 2.368319 2.434222 2.500264 2.567708 2.635300 2.704379 2.773614 2.844417 2.915384 2.987992 3.060770 3.135257 3.209921 3.286354 3.362970 3.441408 3.520033 3.600528 3.681214 3.763808 3.846596 3.931324 4.016249 4.103137 4.190223 4.279288 4.368553 4.459804 4.551255 4.644693 4.738328 4.833943 4.929754 5.027529 5.125497 5.225404 5.325502 5.427506 5.529698 5.633757 5.737998 5.844059 5.950296 6.058299 6.166472 6.276348 6.386388 6.498061 6.609892 6.723279 6.836816 6.951828 7.066980 7.183518 7.300188 7.418150 7.536234 7.655511 7.774899 7.895375 8.015952 8.137508 8.259154 8.381667 8.504257 8.627597 8.751004 8.875040 8.999131 9.123729 9.248370 9.373393 9.498446 9.623755 9.749083 9.874538 10.000000 ]
[1.000000 1.058225 1.116509 1.174805 1.233279 1.291777 1.350570 1.409399 1.468640 1.527928 1.587743 1.647617 1.708130 1.768714 1.830047 1.891463 1.953735 2.016100 2.079425 2.142854 2.207343 2.271946 2.337705 2.403587 2.470718 2.537980 2.606578 2.675316 2.745470 2.815773 2.887568 2.959518 3.033031 3.106706 3.182008 3.257477 3.334630 3.411957 3.491018 3.570257 3.651275 3.732474 3.815489 3.898688 3.983733 4.068965 4.156064 4.243351 4.332521 4.421880 4.513129 4.604567 4.697895 4.791410 4.886807 4.982391 5.079841 5.177475 5.276952 5.376611 5.478082 5.579730 5.683153 5.786749 5.892074 5.997568 6.104737 6.212070 6.321020 6.430126 6.540783 6.651590 6.763875 6.876303 6.990131 7.104093 7.219371 7.334774 7.451404 7.568150 7.686029 7.804013 7.923031 8.042144 8.162187 8.282316 8.403266 8.524291 8.646028 8.767828 8.890225 9.012675 9.135606 9.258577 9.381911 9.505275 9.628881 9.752504 9.876249 10.000000 ]
[1.000000 1.059819 1.119694 1.179580 1.239636 1.299715 1.360074 1.420468 1.481254 1.542085 1.603418 1.664807 1.726805 1.788870 1.851649 1.914505 1.978178 2.041938 2.106614 2.171387 2.237171 2.303062 2.370054 2.437164 2.505462 2.573885 2.643579 2.713406 2.784583 2.855899 2.928637 3.001522 3.075895 3.150421 3.226495 3.302729 3.380566 3.458567 3.538218 3.618039 3.699552 3.781237 3.864650 3.948238 4.033582 4.119103 4.206401 4.293877 4.383144 4.472590 4.563834 4.655257 4.748477 4.841876 4.937064 5.032429 5.129568 5.226883 5.325949 5.425187 5.526148 5.627279 5.730095 5.833076 5.937700 6.042484 6.148861 6.255393 6.363461 6.471677 6.581368 6.691200 6.802438 6.913810 7.026513 7.139343 7.253423 7.367622 7.482986 7.598461 7.715010 7.831661 7.949293 8.067016 8.185621 8.304308 8.423775 8.543314 8.663528 8.783802 8.904643 9.025534 9.146882 9.268269 9.389999 9.511758 9.633747 9.755753 9.877873 10.000000 ]
[1.000000 1.061336 1.122726 1.184127 1.245689 1.307273 1.369124 1.431008 1.493265 1.555565 1.618343 1.681174 1.744585 1.808060 1.872214 1.936443 2.001448 2.066537 2.132497 2.198550 2.265565 2.332681 2.400847 2.469124 2.538532 2.608059 2.678796 2.749659 2.821806 2.894087 2.967720 3.041494 3.116682 3.192017 3.268826 3.345785 3.424270 3.502911 3.583123 3.663495 3.745477 3.827623 3.911412 3.995368 4.080994 4.166788 4.254272 4.341926 4.431283 4.520811 4.612047 4.703455 4.796570 4.889856 4.984843 5.079998 5.176840 5.273848 5.372522 5.471360 5.571834 5.672470 5.774708 5.877103 5.981059 6.085167 6.190789 6.296558 6.403787 6.511157 6.619928 6.728834 6.839074 6.949443 7.061075 7.172829 7.285770 7.398824 7.512985 7.627251 7.742538 7.857921 7.974236 8.090638 8.207877 8.325195 8.443253 8.561379 8.680147 8.798972 8.918335 9.037746 9.157590 9.277472 9.397680 9.517915 9.638368 9.758837 9.879416 10.000000 ]
[1.000000 1.062781 1.125613 1.188456 1.251451 1.314468 1.377739 1.441041 1.504699 1.568398 1.632551 1.696755 1.761511 1.826327 1.891791 1.957325 2.023598 2.089951 2.157133 2.224404 2.292590 2.360873 2.430154 2.499541 2.570004 2.640581 2.712309 2.784158 2.857228 2.930425 3.004910 3.079527 3.155491 3.231594 3.309099 3.386748 3.465848 3.545097 3.625839 3.706734 3.789161 3.871744 3.955890 4.040194 4.126087 4.212139 4.299799 4.387620 4.477061 4.566664 4.657892 4.749283 4.842298 4.935474 5.030268 5.125222 5.221779 5.318495 5.416794 5.515249 5.615260 5.715424 5.817111 5.918947 6.022267 6.125731 6.230634 6.335678 6.442108 6.548673 6.656568 6.764592 6.873884 6.983298 7.093913 7.204643 7.316501 7.428467 7.541484 7.654601 7.768688 7.882867 7.997930 8.113077 8.229019 8.345035 8.461755 8.578539 8.695932 8.813381 8.931340 9.049345 9.167761 9.286213 9.404975 9.523762 9.642757 9.761767 9.880881 10.000000 ]
[1.000000 1.064156 1.128361 1.192576 1.256936 1.321317 1.385939 1.450592 1.515582 1.580612 1.646074 1.711584 1.777620 1.843714 1.910423 1.977199 2.044679 2.112235 2.180579 2.249008 2.318308 2.387701 2.458043 2.528486 2.599953 2.671528 2.744199 2.816984 2.890932 2.965000 3.040293 3.115712 3.192414 3.269247 3.347413 3.425717 3.505401 3.585226 3.666473 3.747864 3.830713 3.913710 3.998193 4.082827 4.168972 4.255269 4.343095 4.431074 4.520593 4.610266 4.701485 4.792858 4.885776 4.978847 5.073456 5.168217 5.264503 5.360939 5.458881 5.556970 5.656539 5.756253 5.857415 5.958719 6.061433 6.164285 6.268504 6.372856 6.478527 6.584325 6.691388 6.798573 6.906963 7.015470 7.125117 7.234873 7.345702 7.456633 7.568563 7.680588 7.793534 7.906568 8.020442 8.134395 8.249104 8.363884 8.479332 8.594841 8.710929 8.827069 8.943695 9.060363 9.177423 9.294517 9.411905 9.529317 9.646926 9.764550 9.882273 10.000000 ]
[1.000000 1.065465 1.130976 1.196497 1.262156 1.327835 1.393744 1.459681 1.525940 1.592236 1.658943 1.725697 1.792951 1.860259 1.928154 1.996112 2.064740 2.133440 2.202891 2.272421 2.342781 2.413229 2.484581 2.556027 2.628449 2.700973 2.774541 2.848216 2.922998 2.997894 3.073956 3.150137 3.227539 3.305065 3.383861 3.462786 3.543025 3.623398 3.705123 3.786985 3.870234 3.953624 4.038427 4.123374 4.209758 4.296286 4.384268 4.472396 4.561988 4.651727 4.742936 4.834291 4.927115 5.020086 5.114518 5.209095 5.305121 5.401291 5.498891 5.596633 5.695780 5.795066 5.895728 5.996525 6.098662 6.200931 6.304499 6.408193 6.513141 6.618210 6.724481 6.830868 6.938400 7.046043 7.154770 7.263601 7.373451 7.483398 7.594294 7.705281 7.817143 7.929088 8.041832 8.154651 8.268188 8.381793 8.496032 8.610330 8.725177 8.840074 8.955433 9.070832 9.186603 9.302406 9.418488 9.534594 9.650887 9.767194 9.883595 10.000000 ]
[1.000000 1.066710 1.133465 1.200228 1.267124 1.334037 1.401170 1.468330 1.535795 1.603297 1.671190 1.739126 1.807539 1.876003 1.945026 2.014108 2.083828 2.153616 2.224119 2.294698 2.366066 2.437517 2.509829 2.582231 2.655561 2.728987 2.803406 2.877929 2.953503 3.029187 3.105979 3.182885 3.260952 3.339138 3.418530 3.498046 3.578812 3.659705 3.741884 3.824194 3.907823 3.991585 4.076692 4.161935 4.248545 4.335293 4.423422 4.511691 4.601352 4.691153 4.782351 4.873689 4.966423 5.059296 5.153559 5.247960 5.343739 5.439654 5.536929 5.634339 5.733085 5.831963 5.932148 6.032463 6.134051 6.235764 6.338712 6.441781 6.546041 6.650416 6.755934 6.861562 6.968278 7.075100 7.182952 7.290903 7.399822 7.508834 7.618747 7.728747 7.839579 7.950490 8.062159 8.173900 8.286324 8.398811 8.511901 8.625048 8.738716 8.852432 8.966586 9.080779 9.195325 9.309902 9.424744 9.539609 9.654651 9.769707 9.884851 10.000000 ]
[1.000000 1.067895 1.135833 1.203779 1.271850 1.339939 1.408236 1.476559 1.545173 1.613821 1.682841 1.751904 1.821418 1.890983 1.961078 2.031230 2.101989 2.172813 2.244317 2.315892 2.388219 2.460625 2.533849 2.607159 2.681352 2.755637 2.830867 2.906194 2.982522 3.058954 3.136441 3.214036 3.292735 3.371547 3.451507 3.531585 3.612851 3.694238 3.776848 3.859583 3.943572 4.027688 4.113083 4.198608 4.285432 4.372387 4.460656 4.549058 4.638784 4.728643 4.819830 4.911150 5.003798 5.096578 5.190679 5.284912 5.380455 5.476127 5.573093 5.670186 5.768550 5.867039 5.966772 6.066627 6.167692 6.268877 6.371236 6.473709 6.577314 6.681030 6.785831 6.890737 6.996677 7.102718 7.209738 7.316852 7.424886 7.533009 7.641988 7.751049 7.860902 7.970829 8.081477 8.192193 8.303558 8.414984 8.526983 8.639035 8.751583 8.864176 8.977186 9.090232 9.203614 9.317026 9.430689 9.544374 9.658228 9.772094 9.886045 10.000000 ]
[1.000000 1.069023 1.138086 1.207156 1.276347 1.345553 1.414959 1.484388 1.554095 1.623834 1.693927 1.764060 1.834623 1.905234 1.976349 2.047519 2.119266 2.191075 2.263531 2.336055 2.409293 2.482607 2.556699 2.630873 2.705887 2.780989 2.856988 2.933081 3.010126 3.087269 3.165416 3.243666 3.322966 3.402373 3.482873 3.563484 3.645225 3.727081 3.810102 3.893240 3.977571 4.062023 4.147692 4.233483 4.320510 4.407662 4.496064 4.584592 4.674378 4.764291 4.855468 4.946770 5.039335 5.132026 5.225974 5.320046 5.415364 5.510805 5.607475 5.704267 5.802267 5.900386 5.999687 6.099105 6.199674 6.300356 6.402153 6.504060 6.607043 6.710131 6.814250 6.918469 7.023672 7.128970 7.235199 7.341517 7.448710 7.555987 7.664078 7.772247 7.881168 7.990160 8.099838 8.209580 8.319939 8.430355 8.541316 8.652328 8.763811 8.875337 8.987259 9.099216 9.211492 9.323796 9.436339 9.548903 9.661627 9.774363 9.887180 10.000000 ]
[1.000000 1.070095 1.140229 1.210370 1.280625 1.350895 1.421354 1.491836 1.562582 1.633359 1.704473 1.775624 1.847185 1.918791 1.990877 2.063015 2.135702 2.208447 2.281808 2.355235 2.429340 2.503517 2.578435 2.653430 2.729225 2.805103 2.881835 2.958655 3.036382 3.114202 3.192976 3.271848 3.351719 3.431692 3.512704 3.593822 3.676015 3.758318 3.841727 3.925249 4.009905 4.094676 4.180604 4.266649 4.353869 4.441207 4.529735 4.618381 4.708225 4.798190 4.889355 4.980641 5.073127 5.165733 5.259533 5.353452 5.448555 5.543776 5.640165 5.736670 5.834324 5.932091 6.030981 6.129982 6.230078 6.330281 6.431545 6.532913 6.635304 6.737794 6.841266 6.944832 7.049333 7.153925 7.259401 7.364963 7.471355 7.577828 7.685075 7.792396 7.900431 8.008535 8.117289 8.226106 8.335508 8.444965 8.554940 8.664963 8.775434 8.885946 8.996834 9.107755 9.218980 9.330230 9.441709 9.553207 9.664858 9.776520 9.888258 10.000000 ]
[1.000000 1.071116 1.142268 1.213427 1.284694 1.355976 1.427438 1.498922 1.570656 1.642420 1.714504 1.786625 1.859134 1.931687 2.004696 2.077755 2.151336 2.224972 2.299195 2.373478 2.448409 2.523407 2.599110 2.674886 2.751423 2.828039 2.905467 2.982980 3.061354 3.139817 3.219188 3.298652 3.379066 3.459577 3.541076 3.622676 3.705299 3.788025 3.871804 3.955690 4.040655 4.125729 4.211903 4.298188 4.385591 4.473107 4.561753 4.650512 4.740411 4.830423 4.921578 5.012847 5.105257 5.197782 5.291442 5.385215 5.480114 5.575125 5.671246 5.767478 5.864802 5.962233 6.060733 6.159338 6.258984 6.358732 6.459488 6.560344 6.662171 6.764094 6.866948 6.969894 7.073727 7.177647 7.282408 7.387250 7.492882 7.598590 7.705035 7.811549 7.918743 8.026001 8.133878 8.241814 8.350307 8.458852 8.567890 8.676973 8.786481 8.896029 9.005934 9.115872 9.226097 9.336347 9.446814 9.557299 9.667929 9.778569 9.889283 10.000000 ]
[1.000000 1.072086 1.144207 1.216335 1.288565 1.360810 1.433225 1.505661 1.578336 1.651039 1.724047 1.797088 1.870501 1.943954 2.017841 2.091776 2.166207 2.240691 2.315732 2.390831 2.466546 2.542325 2.618775 2.695294 2.772537 2.849854 2.927945 3.006115 3.085106 3.164180 3.244118 3.324145 3.405075 3.486097 3.568060 3.650117 3.733148 3.816277 3.900408 3.984640 4.069897 4.155259 4.241667 4.328181 4.415758 4.503441 4.592200 4.681067 4.771016 4.861074 4.952218 5.043471 5.135809 5.228256 5.321782 5.415416 5.510121 5.604931 5.700798 5.796770 5.893780 5.990892 6.089020 6.187249 6.286466 6.385781 6.486055 6.586422 6.687714 6.789096 6.891364 6.993719 7.096918 7.200199 7.304280 7.408438 7.513347 7.618328 7.724009 7.829757 7.936150 8.042605 8.149648 8.256747 8.364375 8.472053 8.580199 8.688389 8.796983 8.905614 9.014585 9.123587 9.232862 9.342161 9.451666 9.561188 9.670848 9.780518 9.890257 10.000000 ]
[1.000000 1.073009 1.146052 1.219100 1.292247 1.365407 1.438730 1.512072 1.585641 1.659237 1.733123 1.807041 1.881312 1.955621 2.030344 2.105111 2.180351 2.255641 2.331460 2.407336 2.483797 2.560319 2.637478 2.714704 2.792617 2.870603 2.949323 3.028119 3.107695 3.187351 3.267828 3.348390 3.429810 3.511319 3.593721 3.676214 3.759633 3.843145 3.927609 4.012170 4.097706 4.183341 4.269972 4.356702 4.444444 4.532287 4.621153 4.710121 4.800119 4.890220 4.981354 5.072591 5.164860 5.257232 5.350631 5.444133 5.538652 5.633272 5.728897 5.824621 5.921332 6.018141 6.115915 6.213785 6.312595 6.411498 6.511312 6.611216 6.711998 6.812866 6.914577 7.016370 7.118966 7.221640 7.325073 7.428581 7.532802 7.637092 7.742047 7.847066 7.952698 8.058389 8.164639 8.270943 8.377749 8.484603 8.591901 8.699241 8.806966 8.914726 9.022809 9.130921 9.239293 9.347687 9.456278 9.564885 9.673622 9.782370 9.891183 10.000000 ]
[1.000000 1.073888 1.147806 1.221731 1.295749 1.369780 1.443965 1.518169 1.592589 1.667034 1.741755 1.816507 1.891594 1.966718 2.042235 2.117795 2.193803 2.269860 2.346420 2.423034 2.500204 2.577432 2.655266 2.733164 2.811716 2.890335 2.969654 3.049046 3.129178 3.209387 3.290377 3.371447 3.453334 3.535305 3.618125 3.701033 3.784819 3.868695 3.953477 4.038350 4.124151 4.210046 4.296888 4.383825 4.471723 4.559717 4.648684 4.737749 4.827792 4.917934 5.009058 5.100280 5.192483 5.284785 5.378063 5.471438 5.565780 5.660219 5.755613 5.851102 5.947529 6.044049 6.141487 6.239015 6.337438 6.435949 6.535326 6.634789 6.735086 6.835466 6.936647 7.037905 7.139927 7.242023 7.344842 7.447731 7.551298 7.654931 7.759196 7.863521 7.968430 8.073395 8.178891 8.284438 8.390463 8.496533 8.603026 8.709558 8.816456 8.923388 9.030627 9.137893 9.245406 9.352941 9.460662 9.568399 9.676260 9.784131 9.892064 10.000000 ]
[1.000000 1.074723 1.149475 1.224233 1.299080 1.373939 1.448945 1.523968 1.599197 1.674450 1.749966 1.825510 1.901374 1.977272 2.053545 2.129857 2.206598 2.283383 2.360648 2.437963 2.515807 2.593707 2.672184 2.750720 2.829879 2.909102 2.988990 3.068947 3.149609 3.230344 3.311821 3.393375 3.475705 3.558115 3.641334 3.724634 3.808771 3.892993 3.978076 4.063247 4.149300 4.235441 4.322483 4.409616 4.497663 4.585801 4.674864 4.764020 4.854107 4.944287 5.035402 5.126609 5.218750 5.310984 5.404146 5.497401 5.591575 5.685842 5.781016 5.876280 5.972437 6.068682 6.165800 6.263004 6.361058 6.459196 6.558158 6.657201 6.757038 6.856953 6.957629 7.058380 7.159856 7.261403 7.363637 7.465937 7.568883 7.671890 7.775499 7.879166 7.983387 8.087661 8.192440 8.297268 8.402550 8.507875 8.613602 8.719367 8.825479 8.931623 9.038059 9.144521 9.251218 9.357936 9.464831 9.571740 9.678768 9.785805 9.892901 10.000000 ]
[1.000000 1.075517 1.151062 1.226613 1.302248 1.377894 1.453680 1.529484 1.605482 1.681503 1.757774 1.834073 1.910675 1.987310 2.064301 2.141330 2.218766 2.296244 2.374179 2.452161 2.530647 2.609186 2.688273 2.767417 2.847152 2.926950 3.007379 3.087874 3.169039 3.250274 3.332215 3.414228 3.496980 3.579808 3.663404 3.747079 3.831549 3.916100 4.001469 4.086922 4.173214 4.259590 4.346823 4.434142 4.522329 4.610605 4.699759 4.789002 4.879130 4.969347 5.060451 5.151645 5.243726 5.335895 5.428948 5.522088 5.616103 5.710205 5.805170 5.900221 5.996121 6.092104 6.188918 6.285813 6.383517 6.481300 6.579867 6.678511 6.777910 6.877382 6.977579 7.077847 7.178804 7.279829 7.381506 7.483247 7.585601 7.688015 7.791000 7.894040 7.997607 8.101224 8.205322 8.309466 8.414042 8.518659 8.623657 8.728692 8.834057 8.939452 9.045125 9.150823 9.256744 9.362685 9.468794 9.574917 9.681152 9.787396 9.893697 10.000000 ]
[1.000000 1.076272 1.152571 1.228876 1.305260 1.381656 1.458184 1.534729 1.611459 1.688211 1.765200 1.842216 1.919520 1.996856 2.074530 2.152241 2.230338 2.308476 2.387047 2.465664 2.544760 2.623906 2.703573 2.783295 2.863580 2.943922 3.024867 3.105873 3.187517 3.269227 3.351608 3.434059 3.517212 3.600436 3.684392 3.768422 3.853209 3.938073 4.023715 4.109436 4.195955 4.282555 4.369968 4.457464 4.545786 4.634191 4.723432 4.812757 4.902924 4.993175 5.084271 5.175451 5.267475 5.359583 5.452531 5.545562 5.639425 5.733370 5.828137 5.922985 6.018640 6.114375 6.210899 6.307501 6.404871 6.502317 6.600508 6.698772 6.797754 6.896807 6.996547 7.096356 7.196820 7.297347 7.398496 7.499705 7.601497 7.703346 7.805737 7.908181 8.011126 8.114120 8.217570 8.321063 8.424968 8.528911 8.633217 8.737558 8.842212 8.946896 9.051843 9.156814 9.261997 9.367199 9.472561 9.577937 9.683419 9.788909 9.894453 10.000000 ]
[1.000000 1.076991 1.154007 1.231028 1.308125 1.385233 1.462468 1.539717 1.617144 1.694590 1.772263 1.849961 1.927933 2.005935 2.084258 2.162617 2.241343 2.320108 2.399285 2.478506 2.558181 2.637905 2.718124 2.798395 2.879202 2.960063 3.041497 3.122990 3.205089 3.287251 3.370051 3.452917 3.536451 3.620053 3.704351 3.788719 3.873807 3.958968 4.044869 4.130845 4.217580 4.304392 4.391977 4.479641 4.568090 4.656619 4.745942 4.835346 4.925549 5.015833 5.106921 5.198088 5.290057 5.382107 5.474955 5.567882 5.661601 5.755398 5.849975 5.944630 6.040052 6.135551 6.231799 6.328122 6.425175 6.522300 6.620134 6.718037 6.816623 6.915275 7.014583 7.113954 7.213949 7.314004 7.414650 7.515353 7.616611 7.717922 7.819749 7.921627 8.023981 8.126380 8.229214 8.332089 8.435355 8.538658 8.642306 8.745987 8.849966 8.953973 9.058230 9.162510 9.266992 9.371492 9.476143 9.580808 9.685574 9.790348 9.895173 10.000000 ]
[1.000000 1.077674 1.155372 1.233075 1.310850 1.388635 1.466541 1.544461 1.622549 1.700657 1.778979 1.857325 1.935933 2.014568 2.093510 2.172484 2.251808 2.331170 2.410923 2.490718 2.570945 2.651217 2.731962 2.812755 2.894058 2.975413 3.057312 3.139267 3.221799 3.304390 3.387589 3.470850 3.554747 3.638708 3.723330 3.808020 3.893394 3.978837 4.064985 4.151203 4.238144 4.325157 4.412906 4.500729 4.589300 4.677946 4.767348 4.856825 4.947064 5.037379 5.128458 5.219613 5.311531 5.403525 5.496278 5.589106 5.682687 5.776342 5.870740 5.965212 6.060412 6.155685 6.251672 6.347729 6.444481 6.541301 6.638795 6.736354 6.834563 6.932836 7.031731 7.130686 7.230235 7.329841 7.430009 7.530231 7.630981 7.731781 7.833072 7.934411 8.036203 8.138038 8.240286 8.342573 8.445232 8.547926 8.650948 8.754001 8.857338 8.960701 9.064303 9.167926 9.271741 9.375573 9.479549 9.583538 9.687623 9.791716 9.895857 10.000000 ]
[1.000000 1.078324 1.156670 1.235021 1.313441 1.391871 1.470415 1.548973 1.627690 1.706426 1.785366 1.864329 1.943540 2.022779 2.102308 2.181868 2.261761 2.341689 2.421990 2.502331 2.583082 2.663877 2.745121 2.826411 2.908185 2.990010 3.072351 3.154746 3.237690 3.320690 3.404267 3.487904 3.572145 3.656447 3.741379 3.826374 3.912020 3.997732 4.084113 4.170563 4.257698 4.344903 4.432808 4.520783 4.609468 4.698226 4.787702 4.877250 4.967522 5.057867 5.148937 5.240080 5.331949 5.423890 5.516553 5.609287 5.702737 5.796258 5.890485 5.984782 6.079772 6.174831 6.270568 6.366372 6.462838 6.559368 6.656538 6.753771 6.851622 6.949533 7.048036 7.146596 7.245721 7.344900 7.444613 7.544378 7.644644 7.744958 7.845740 7.946566 8.047823 8.149121 8.250812 8.352541 8.454623 8.556738 8.659165 8.761621 8.864348 8.967099 9.070077 9.173075 9.276256 9.379453 9.482787 9.586133 9.689571 9.793016 9.896507 10.000000 ]
[1.000000 1.078941 1.157905 1.236872 1.315906 1.394948 1.474099 1.553263 1.632579 1.711912 1.791440 1.870990 1.950775 2.030586 2.110674 2.190792 2.271226 2.351693 2.432515 2.513374 2.594625 2.675916 2.757635 2.839397 2.921620 3.003890 3.086653 3.169466 3.252801 3.336189 3.420127 3.504121 3.588689 3.673316 3.758541 3.843827 3.929732 4.015699 4.102303 4.188972 4.276293 4.363680 4.451732 4.539851 4.628647 4.717510 4.807057 4.896672 4.986975 5.077348 5.168411 5.259543 5.351365 5.443255 5.535832 5.628477 5.721803 5.815195 5.909259 6.003390 6.098180 6.193035 6.288536 6.384100 6.480292 6.576546 6.673409 6.770332 6.867842 6.965409 7.063539 7.161724 7.260445 7.359218 7.458499 7.557828 7.657635 7.757487 7.857784 7.958123 8.058872 8.159660 8.260822 8.362019 8.463551 8.565116 8.666977 8.768866 8.871012 8.973182 9.075567 9.177971 9.280549 9.383142 9.485866 9.588601 9.691423 9.794252 9.897125 10.000000 ]
[1.000000 1.079529 1.159079 1.238633 1.318249 1.397874 1.477602 1.557343 1.637228 1.717130 1.797216 1.877324 1.957655 2.038011 2.118631 2.199278 2.280226 2.361206 2.442523 2.523876 2.605601 2.687365 2.769534 2.851746 2.934395 3.017090 3.100253 3.183463 3.267170 3.350928 3.435208 3.519542 3.604422 3.689358 3.774862 3.860424 3.946575 4.032785 4.119600 4.206477 4.293975 4.381535 4.469727 4.557984 4.646883 4.735847 4.825461 4.915140 5.005473 5.095873 5.186928 5.278049 5.369827 5.461669 5.554164 5.646724 5.739931 5.833202 5.927111 6.021084 6.115684 6.210345 6.305620 6.400956 6.496889 6.592881 6.689452 6.786079 6.883265 6.980505 7.078280 7.176108 7.274445 7.372832 7.471702 7.570618 7.669988 7.769401 7.869236 7.969112 8.069378 8.169681 8.270338 8.371030 8.472041 8.573082 8.674405 8.775755 8.877349 8.978965 9.080787 9.182626 9.284631 9.386650 9.488794 9.590948 9.693185 9.795428 9.897713 10.000000 ]
[1.000000 1.080088 1.160195 1.240307 1.320477 1.400656 1.480933 1.561222 1.641649 1.722091 1.802709 1.883347 1.964198 2.045072 2.126196 2.207348 2.288785 2.370253 2.452041 2.533863 2.616039 2.698252 2.780850 2.863489 2.946544 3.029642 3.113185 3.196774 3.280835 3.364944 3.449549 3.534206 3.619382 3.704611 3.790381 3.876206 3.962590 4.049031 4.136048 4.223123 4.310788 4.398513 4.486839 4.575226 4.664224 4.753284 4.842962 4.932701 5.023063 5.113487 5.204536 5.295647 5.387382 5.479179 5.571596 5.664075 5.757169 5.850324 5.944087 6.037909 6.132327 6.226805 6.321865 6.416984 6.512670 6.608413 6.704705 6.801052 6.897930 6.994859 7.092297 7.189785 7.287758 7.385777 7.484256 7.582779 7.681733 7.780728 7.880125 7.979561 8.079367 8.179208 8.279387 8.379599 8.480113 8.580657 8.681468 8.782305 8.883374 8.984465 9.085750 9.187053 9.288512 9.389986 9.491577 9.593179 9.694859 9.796546 9.898272 10.000000 ]
[1.000000 1.080619 1.161257 1.241898 1.322596 1.403302 1.484101 1.564912 1.645853 1.726809 1.807932 1.889074 1.970419 2.051786 2.133391 2.215022 2.296924 2.378855 2.461091 2.543359 2.625964 2.708604 2.791611 2.874656 2.958097 3.041578 3.125483 3.209431 3.293828 3.378271 3.463187 3.548150 3.633608 3.719116 3.805139 3.891214 3.977820 4.064481 4.151689 4.238952 4.326777 4.414658 4.503111 4.591622 4.680714 4.769865 4.859603 4.949400 5.039789 5.130237 5.221279 5.312380 5.404075 5.495828 5.588171 5.680574 5.773561 5.866606 5.960228 6.053907 6.148153 6.242455 6.337312 6.432224 6.527676 6.623181 6.719210 6.815289 6.911874 7.008508 7.105625 7.202790 7.300416 7.398086 7.496193 7.594342 7.692901 7.791499 7.890479 7.989496 8.088865 8.188268 8.287992 8.387746 8.487789 8.587859 8.688184 8.788533 8.889103 8.989693 9.090469 9.191261 9.292203 9.393157 9.494224 9.595300 9.696452 9.797609 9.898803 10.000000 ]
[1.000000 1.081124 1.162266 1.243412 1.324611 1.405818 1.487114 1.568420 1.649851 1.731296 1.812899 1.894521 1.976335 2.058171 2.140233 2.222319 2.304663 2.387036 2.469698 2.552390 2.635403 2.718449 2.801844 2.885275 2.969082 3.052929 3.137177 3.221468 3.306184 3.390945 3.476155 3.561410 3.647136 3.732910 3.819172 3.905484 3.992302 4.079171 4.166561 4.254004 4.341980 4.430010 4.518584 4.607213 4.696394 4.785631 4.875427 4.965279 5.055693 5.146164 5.237200 5.328292 5.419948 5.511660 5.603933 5.696262 5.789147 5.882087 5.975576 6.069119 6.163202 6.257337 6.352001 6.446716 6.541945 6.637224 6.733001 6.828827 6.925133 7.021485 7.118298 7.215156 7.312452 7.409790 7.507543 7.605337 7.703520 7.801741 7.900325 7.998943 8.097897 8.196882 8.296173 8.395493 8.495087 8.594707 8.694570 8.794455 8.894551 8.994665 9.094956 9.195263 9.295712 9.396173 9.496740 9.597317 9.697966 9.798619 9.899309 10.000000 ]
[1.000000 1.081605 1.163226 1.244852 1.326528 1.408211 1.489978 1.571756 1.653652 1.735562 1.817623 1.899700 1.981961 2.064242 2.146739 2.229258 2.312023 2.394814 2.477881 2.560977 2.644378 2.727810 2.811574 2.895372 2.979529 3.063722 3.148298 3.232913 3.317934 3.402996 3.488486 3.574019 3.660000 3.746026 3.832516 3.919054 4.006073 4.093141 4.180704 4.268317 4.356437 4.444608 4.533297 4.622038 4.711304 4.800623 4.890474 4.980378 5.070817 5.161309 5.252339 5.343422 5.435041 5.526714 5.618920 5.711179 5.803967 5.896808 5.990170 6.083584 6.177511 6.271488 6.365967 6.460495 6.555512 6.650577 6.746115 6.841700 6.937740 7.033826 7.130348 7.226914 7.323896 7.420919 7.518336 7.615791 7.713617 7.811479 7.909686 8.007926 8.106484 8.205073 8.303952 8.402859 8.502026 8.601219 8.700642 8.800086 8.899730 8.999393 9.099223 9.199068 9.299048 9.399040 9.499133 9.599235 9.699405 9.799580 9.899789 10.000000 ]
[1.000000 1.082062 1.164139 1.246220 1.328350 1.410486 1.492702 1.574929 1.657267 1.739619 1.822114 1.904625 1.987311 2.070016 2.152925 2.235857 2.319022 2.402212 2.485664 2.569143 2.652912 2.736712 2.820827 2.904974 2.989462 3.073985 3.158872 3.243797 3.329107 3.414456 3.500212 3.586010 3.672232 3.758498 3.845205 3.931958 4.019168 4.106424 4.194152 4.281926 4.370184 4.458490 4.547288 4.636135 4.725482 4.814879 4.904782 4.994735 5.085198 5.175711 5.266734 5.357809 5.449393 5.541028 5.633171 5.725364 5.818060 5.910806 6.004048 6.097339 6.191117 6.284944 6.379247 6.473598 6.568413 6.663274 6.758585 6.853940 6.949728 7.045560 7.141807 7.238094 7.334778 7.431501 7.528598 7.625732 7.723218 7.820739 7.918587 8.016467 8.114650 8.212861 8.311349 8.409863 8.508625 8.607410 8.706415 8.805440 8.904655 9.003888 9.103280 9.202686 9.302221 9.401766 9.501409 9.601059 9.700774 9.800494 9.900246 10.000000 ]
[1.000000 1.082496 1.165007 1.247522 1.330083 1.412649 1.495293 1.577945 1.660705 1.743477 1.826385 1.909309 1.992398 2.075506 2.158808 2.242131 2.325677 2.409246 2.493064 2.576908 2.661028 2.745177 2.829625 2.914105 2.998908 3.083745 3.168928 3.254146 3.339731 3.425354 3.511363 3.597411 3.683864 3.770357 3.857271 3.944228 4.031620 4.119056 4.206939 4.294868 4.383256 4.471689 4.560591 4.649540 4.738964 4.828435 4.918388 5.008388 5.098872 5.189405 5.280423 5.371489 5.463040 5.554640 5.646722 5.738852 5.831460 5.924116 6.017243 6.110417 6.204055 6.297739 6.391875 6.486057 6.580680 6.675347 6.770442 6.865578 6.961128 7.056717 7.152702 7.248726 7.345126 7.441563 7.538356 7.635185 7.732348 7.829543 7.927051 8.024589 8.122414 8.220267 8.318382 8.416523 8.514899 8.613298 8.711905 8.810531 8.909339 9.008162 9.107138 9.206126 9.305237 9.404359 9.503572 9.602793 9.702076 9.801363 9.900681 10.000000 ]
[1.000000 1.082909 1.165833 1.248760 1.331730 1.414707 1.497756 1.580814 1.663974 1.747145 1.830447 1.913762 1.997236 2.080727 2.164402 2.248098 2.332005 2.415934 2.500101 2.584292 2.668745 2.753226 2.837992 2.922787 3.007890 3.093025 3.178489 3.263987 3.349833 3.435716 3.521965 3.608253 3.694924 3.781635 3.868745 3.955896 4.043460 4.131067 4.219099 4.307174 4.395686 4.484241 4.573241 4.662287 4.751783 4.841326 4.931325 5.021370 5.111875 5.202426 5.293439 5.384497 5.476017 5.567583 5.659608 5.751678 5.844203 5.936772 6.029791 6.122854 6.216357 6.309905 6.403883 6.497904 6.592345 6.686827 6.781716 6.876645 6.971967 7.067326 7.163062 7.258834 7.354965 7.451131 7.547635 7.644173 7.741029 7.837916 7.935099 8.032311 8.129797 8.227309 8.325070 8.422855 8.520865 8.618896 8.717125 8.815372 8.913792 9.012227 9.110806 9.209398 9.308106 9.406824 9.505629 9.604442 9.703313 9.802189 9.901094 10.000000 ]
[1.000000 1.083302 1.166618 1.249937 1.333297 1.416663 1.500098 1.583542 1.667082 1.750634 1.834308 1.917997 2.001836 2.085691 2.169722 2.253772 2.338022 2.422295 2.506792 2.591314 2.676084 2.760880 2.845948 2.931043 3.016432 3.101850 3.187581 3.273345 3.359440 3.445569 3.532048 3.618562 3.705442 3.792358 3.879655 3.966991 4.054720 4.142488 4.230662 4.318876 4.407505 4.496176 4.585270 4.674407 4.763973 4.853583 4.943627 5.033714 5.124239 5.214808 5.305816 5.396867 5.488357 5.579891 5.671860 5.763873 5.856319 5.948807 6.041722 6.134679 6.228056 6.321473 6.415301 6.509169 6.603437 6.697744 6.792437 6.887169 6.982273 7.077415 7.172913 7.268447 7.364321 7.460228 7.556458 7.652719 7.749283 7.845876 7.942752 8.039654 8.136817 8.234005 8.331429 8.428877 8.526538 8.624219 8.722088 8.819976 8.918026 9.016091 9.114294 9.212508 9.310833 9.409168 9.507585 9.606010 9.704490 9.802974 9.901486 10.000000 ]
[1.000000 1.083676 1.167364 1.251056 1.334787 1.418523 1.502326 1.586136 1.670038 1.753951 1.837981 1.922024 2.006210 2.090411 2.174780 2.259167 2.343745 2.428343 2.513155 2.597990 2.683062 2.768158 2.853513 2.938894 3.024553 3.110242 3.196227 3.282243 3.368575 3.454939 3.541635 3.628365 3.715443 3.802556 3.890030 3.977541 4.065426 4.153349 4.241657 4.330003 4.418745 4.507526 4.596709 4.685933 4.775565 4.865238 4.955325 5.045452 5.135996 5.226582 5.317585 5.408629 5.500090 5.591593 5.683511 5.775470 5.867840 5.960251 6.053067 6.145924 6.239179 6.332474 6.426158 6.519881 6.613984 6.708124 6.802631 6.897175 6.992074 7.087007 7.182280 7.277587 7.373217 7.468879 7.564848 7.660846 7.757132 7.853446 7.950028 8.046637 8.143492 8.240371 8.337476 8.434603 8.531932 8.629280 8.726808 8.824352 8.922052 9.019766 9.117610 9.215466 9.313427 9.411396 9.509445 9.607501 9.705609 9.803721 9.901860 10.000000 ]
[1.000000 1.084031 1.168074 1.252120 1.336204 1.420292 1.504444 1.588602 1.672849 1.757105 1.841473 1.925853 2.010369 2.094900 2.179590 2.264297 2.349186 2.434094 2.519206 2.604339 2.689698 2.775079 2.860707 2.946359 3.032276 3.118221 3.204448 3.290705 3.377261 3.463849 3.550752 3.637687 3.724953 3.812252 3.899895 3.987573 4.075606 4.163676 4.252112 4.340584 4.429432 4.518318 4.607586 4.696892 4.786587 4.876321 4.966448 5.056614 5.147176 5.237777 5.328776 5.419814 5.511248 5.602722 5.694590 5.786497 5.878796 5.971133 6.063855 6.156616 6.249756 6.342934 6.436482 6.530067 6.624012 6.717994 6.812325 6.906690 7.001393 7.096128 7.191187 7.286278 7.381676 7.477105 7.572825 7.668573 7.764595 7.860644 7.956948 8.053276 8.149840 8.246426 8.343226 8.440047 8.537061 8.634093 8.731296 8.828514 8.925880 9.023260 9.120764 9.218278 9.315893 9.413516 9.511214 9.608918 9.706673 9.804431 9.902215 10.000000 ]
[1.000000 1.084369 1.168749 1.253132 1.337551 1.421974 1.506458 1.590948 1.675521 1.760104 1.844794 1.929495 2.014325 2.099169 2.184164 2.269176 2.354360 2.439563 2.524959 2.610376 2.696007 2.781661 2.867547 2.953458 3.039620 3.125809 3.212266 3.298751 3.385521 3.472321 3.559421 3.646551 3.733996 3.821472 3.909276 3.997112 4.085287 4.173496 4.262053 4.350646 4.439595 4.528579 4.617928 4.707313 4.797068 4.886860 4.977025 5.067228 5.157807 5.248423 5.339417 5.430449 5.521857 5.613303 5.705124 5.796983 5.889213 5.981480 6.074114 6.166784 6.259814 6.352880 6.446299 6.539752 6.633549 6.727379 6.821542 6.915738 7.010254 7.104802 7.199657 7.294542 7.389720 7.484927 7.580410 7.675921 7.771692 7.867488 7.963527 8.059589 8.155875 8.252182 8.348694 8.445224 8.541938 8.638670 8.735563 8.832472 8.929521 9.026583 9.123762 9.220953 9.318238 9.415531 9.512896 9.610266 9.707685 9.805107 9.902553 10.000000 ]
[1.000000 1.084690 1.169391 1.254094 1.338832 1.423574 1.508373 1.593178 1.678063 1.762956 1.847951 1.932957 2.018086 2.103227 2.188513 2.273814 2.359280 2.444763 2.530430 2.616117 2.702007 2.787919 2.874052 2.960208 3.046604 3.133024 3.219700 3.306402 3.393376 3.480377 3.567664 3.654980 3.742595 3.830240 3.918196 4.006183 4.094492 4.182834 4.271507 4.360213 4.449258 4.538337 4.627763 4.717223 4.807034 4.896881 4.987083 5.077320 5.167915 5.258546 5.349536 5.440561 5.531945 5.623365 5.715142 5.806953 5.899119 5.991319 6.083868 6.176452 6.269378 6.362338 6.455633 6.548962 6.642616 6.736303 6.830307 6.924341 7.018680 7.113049 7.207711 7.302400 7.397369 7.492364 7.587623 7.682908 7.778440 7.873996 7.969783 8.065592 8.161614 8.257656 8.353892 8.450147 8.546576 8.643021 8.739621 8.836235 8.932982 9.029742 9.126614 9.223495 9.320467 9.417447 9.514495 9.611548 9.708647 9.805749 9.902874 10.000000 ]
[1.000000 1.084995 1.170001 1.255009 1.340050 1.425095 1.510194 1.595299 1.680479 1.765668 1.850954 1.936249 2.021662 2.107087 2.192649 2.278225 2.363958 2.449708 2.535633 2.621576 2.707712 2.793869 2.880237 2.966627 3.053244 3.139885 3.226769 3.313677 3.400844 3.488037 3.575502 3.662995 3.750771 3.838577 3.926678 4.014809 4.103246 4.191713 4.280496 4.369310 4.458447 4.547616 4.637114 4.726646 4.816511 4.906410 4.996646 5.086917 5.177527 5.268172 5.359158 5.450178 5.541538 5.632933 5.724667 5.816434 5.908538 6.000675 6.093143 6.185645 6.278472 6.371331 6.464509 6.557719 6.651239 6.744789 6.838641 6.932522 7.026692 7.120891 7.215368 7.309873 7.404642 7.499437 7.594482 7.689552 7.784857 7.880185 7.975732 8.071301 8.167071 8.262861 8.358836 8.454828 8.550986 8.647159 8.743479 8.839813 8.936274 9.032746 9.129325 9.225913 9.322587 9.419269 9.516015 9.612767 9.709562 9.806360 9.903179 10.000000 ]
[1.000000 1.085286 1.170582 1.255879 1.341208 1.426541 1.511925 1.597316 1.682777 1.768247 1.853809 1.939380 2.025063 2.110757 2.196582 2.282420 2.368407 2.454410 2.540580 2.626767 2.713138 2.799528 2.886119 2.972730 3.059558 3.146409 3.233490 3.320595 3.407946 3.495322 3.582956 3.670616 3.758546 3.846504 3.934743 4.023011 4.111569 4.200157 4.289044 4.377961 4.467185 4.556439 4.646007 4.735606 4.825522 4.915471 5.005740 5.096042 5.186667 5.277325 5.368307 5.459322 5.550660 5.642031 5.733724 5.825450 5.917494 6.009571 6.101963 6.194386 6.287119 6.379883 6.472950 6.566046 6.659438 6.752859 6.846565 6.940300 7.034311 7.128348 7.222650 7.316978 7.411557 7.506161 7.601004 7.695869 7.790958 7.886069 7.981389 8.076728 8.172260 8.267811 8.363536 8.459279 8.555179 8.651094 8.747148 8.843216 8.939404 9.035603 9.131903 9.228213 9.324604 9.421002 9.517461 9.613926 9.710431 9.806940 9.903470 10.000000 ]
[1.000000 1.085562 1.171133 1.256707 1.342310 1.427916 1.513572 1.599233 1.684963 1.770700 1.856524 1.942357 2.028296 2.114247 2.200321 2.286409 2.372637 2.458881 2.545283 2.631702 2.718296 2.804908 2.891711 2.978534 3.065562 3.152612 3.239882 3.327174 3.414699 3.502248 3.590043 3.677863 3.765940 3.854043 3.942413 4.030810 4.119484 4.208185 4.297171 4.386186 4.475493 4.564829 4.654462 4.744126 4.834091 4.924087 5.014388 5.104719 5.195359 5.286029 5.377007 5.468016 5.559334 5.650682 5.742337 5.834022 5.926011 6.018030 6.110350 6.202698 6.295342 6.388014 6.480975 6.573964 6.667234 6.760532 6.854101 6.947697 7.041555 7.135439 7.229575 7.323734 7.418133 7.512556 7.607205 7.701876 7.796760 7.891665 7.986768 8.081890 8.177195 8.272517 8.368006 8.463511 8.559166 8.654835 8.750637 8.846451 8.942380 9.038319 9.134355 9.230399 9.326521 9.422649 9.518836 9.615028 9.711259 9.807492 9.903746 10.000000 ]
[1.000000 1.085824 1.171658 1.257494 1.343357 1.429224 1.515138 1.601057 1.687040 1.773032 1.859105 1.945188 2.031371 2.117565 2.203877 2.290201 2.376660 2.463133 2.549756 2.636396 2.723202 2.810025 2.897029 2.984053 3.071272 3.158511 3.245959 3.333429 3.421121 3.508835 3.596783 3.684754 3.772970 3.861211 3.949705 4.038226 4.127009 4.215820 4.304900 4.394008 4.483394 4.572807 4.662503 4.752227 4.842239 4.932280 5.022610 5.112971 5.203623 5.294305 5.385280 5.476284 5.567582 5.658908 5.750526 5.842174 5.934110 6.026074 6.118324 6.210602 6.303161 6.395747 6.488607 6.581494 6.674648 6.767828 6.861266 6.954731 7.048444 7.142182 7.236159 7.330159 7.424387 7.518636 7.613102 7.707588 7.802277 7.896985 7.991882 8.086797 8.181886 8.276992 8.372256 8.467536 8.562957 8.658393 8.753954 8.849527 8.945210 9.040902 9.136686 9.232478 9.328343 9.424216 9.520143 9.616076 9.712045 9.808017 9.904008 10.000000 ]
[1.000000 1.086074 1.172157 1.258242 1.344353 1.430468 1.516627 1.602791 1.689016 1.775249 1.861560 1.947880 2.034295 2.120721 2.207258 2.293808 2.380485 2.467176 2.554010 2.640859 2.727866 2.814890 2.902086 2.989301 3.076701 3.164120 3.251738 3.339377 3.427227 3.515098 3.603191 3.691307 3.779655 3.868027 3.956640 4.045278 4.134166 4.223079 4.312249 4.401446 4.490906 4.580393 4.670148 4.759931 4.849987 4.940070 5.030429 5.120816 5.211481 5.302174 5.393146 5.484146 5.575424 5.666730 5.758314 5.849925 5.941810 6.033723 6.125907 6.218118 6.310595 6.403099 6.495863 6.588653 6.681697 6.774765 6.868080 6.961419 7.054994 7.148593 7.242419 7.336268 7.430332 7.524418 7.618709 7.713020 7.807523 7.902045 7.996746 8.091464 8.186348 8.281247 8.376298 8.471362 8.566563 8.661776 8.757109 8.852453 8.947901 9.043358 9.138902 9.234454 9.330077 9.425705 9.521386 9.617072 9.712793 9.808517 9.904258 10.000000 ]
[1.000000 1.086312 1.172632 1.258953 1.345300 1.431650 1.518042 1.604440 1.690895 1.777357 1.863894 1.950440 2.037075 2.123721 2.210473 2.297237 2.384122 2.471020 2.558054 2.645103 2.732302 2.819516 2.906895 2.994291 3.081863 3.169454 3.257234 3.345033 3.433033 3.521053 3.609285 3.697538 3.786012 3.874508 3.963234 4.051984 4.140971 4.229982 4.319238 4.408518 4.498050 4.587606 4.677419 4.767257 4.857354 4.947478 5.037864 5.128277 5.218954 5.309658 5.400626 5.491622 5.582882 5.674168 5.765719 5.857295 5.949133 6.040996 6.133118 6.225265 6.317665 6.410090 6.502763 6.595461 6.688400 6.781362 6.874559 6.967778 7.061223 7.154690 7.248373 7.342077 7.435986 7.529916 7.624041 7.718185 7.812511 7.906856 8.001370 8.095902 8.190590 8.285294 8.380141 8.475001 8.569991 8.664992 8.760108 8.855234 8.950459 9.045693 9.141010 9.236334 9.331725 9.427122 9.522568 9.618019 9.713504 9.808991 9.904495 10.000000 ]
[1.000000 1.086537 1.173083 1.259630 1.346201 1.432775 1.519389 1.606007 1.692682 1.779362 1.866114 1.952873 2.039719 2.126574 2.213531 2.300498 2.387581 2.474676 2.561900 2.649138 2.736519 2.823915 2.911467 2.999036 3.086772 3.174526 3.262459 3.350411 3.438554 3.526716 3.615079 3.703463 3.792056 3.880671 3.969504 4.058360 4.147441 4.236546 4.325883 4.415244 4.504842 4.594465 4.684332 4.774222 4.864360 4.954522 5.044934 5.135371 5.226060 5.316773 5.407739 5.498730 5.589973 5.681241 5.772760 5.864304 5.956096 6.047912 6.139974 6.232061 6.324388 6.416738 6.509325 6.601935 6.694774 6.787635 6.880719 6.973825 7.067146 7.160487 7.254033 7.347600 7.441363 7.535144 7.629111 7.723096 7.817254 7.911430 8.005768 8.100121 8.194624 8.289141 8.383795 8.478461 8.573250 8.668051 8.762960 8.857879 8.952892 9.047914 9.143014 9.238121 9.333292 9.428468 9.523692 9.618920 9.714180 9.809443 9.904721 10.000000 ]
[1.000000 1.086752 1.173512 1.260273 1.347057 1.433844 1.520669 1.607498 1.694380 1.781269 1.868225 1.955188 2.042233 2.129287 2.216438 2.303599 2.390869 2.478152 2.565557 2.652975 2.740530 2.828098 2.915815 3.003548 3.091440 3.179349 3.267428 3.355526 3.443804 3.532101 3.620589 3.709097 3.797804 3.886531 3.975467 4.064423 4.153594 4.242787 4.332202 4.421638 4.511302 4.600988 4.690905 4.780846 4.871021 4.961220 5.051657 5.142117 5.232816 5.323539 5.414502 5.505489 5.596716 5.687966 5.779455 5.870968 5.962717 6.054489 6.146494 6.238522 6.330780 6.423060 6.515564 6.608090 6.700834 6.793600 6.886578 6.979576 7.072777 7.165999 7.259416 7.352852 7.446475 7.540115 7.633932 7.727766 7.821765 7.915780 8.009949 8.104134 8.198460 8.292800 8.387270 8.481752 8.576350 8.670960 8.765672 8.860394 8.955206 9.050025 9.144920 9.239821 9.334782 9.429749 9.524761 9.619777 9.714823 9.809872 9.904936 10.000000 ]
[1.000000 1.086956 1.173920 1.260884 1.347871 1.434860 1.521886 1.608916 1.695996 1.783082 1.870232 1.957389 2.044624 2.131867 2.219202 2.306547 2.393996 2.481457 2.569034 2.656624 2.744343 2.832076 2.919950 3.007838 3.095878 3.183935 3.272153 3.360389 3.448796 3.537222 3.625829 3.714454 3.803269 3.892104 3.981136 4.070188 4.159445 4.248722 4.338210 4.427719 4.517444 4.607190 4.697156 4.787144 4.877356 4.967589 5.058049 5.148531 5.239241 5.329973 5.420934 5.511917 5.603128 5.694362 5.785822 5.877305 5.969012 6.060742 6.152694 6.244667 6.336858 6.429071 6.521497 6.613943 6.706598 6.799272 6.892148 6.985043 7.078133 7.171241 7.264535 7.357847 7.451336 7.544842 7.638516 7.732206 7.826054 7.919916 8.013925 8.107949 8.202107 8.296279 8.390574 8.484880 8.579297 8.673725 8.768251 8.862786 8.957406 9.052033 9.146732 9.241437 9.336200 9.430967 9.525778 9.620592 9.715435 9.810280 9.905140 10.000000 ]
[1.000000 1.087150 1.174308 1.261466 1.348645 1.435827 1.523043 1.610264 1.697532 1.784805 1.872140 1.959481 2.046897 2.134320 2.221831 2.309351 2.396970 2.484600 2.572341 2.660094 2.747970 2.835858 2.923881 3.011918 3.100099 3.188295 3.276646 3.365013 3.453543 3.542091 3.630811 3.719548 3.808466 3.897403 3.986527 4.075671 4.165008 4.254366 4.343923 4.433501 4.523284 4.613087 4.703100 4.793133 4.883379 4.973646 5.064128 5.154631 5.245350 5.336091 5.427049 5.518029 5.609225 5.700443 5.791876 5.883331 5.974999 6.066688 6.158589 6.250510 6.342638 6.434787 6.527138 6.619509 6.712078 6.804666 6.897445 6.990243 7.083225 7.176225 7.269402 7.362596 7.455958 7.549337 7.642875 7.736428 7.830132 7.923849 8.017706 8.111577 8.205576 8.299587 8.393715 8.487855 8.582100 8.676355 8.770703 8.865060 8.959498 9.053943 9.148455 9.242974 9.337547 9.432125 9.526744 9.621366 9.716016 9.810668 9.905334 10.000000 ]
[1.000000 1.087335 1.174676 1.262019 1.349382 1.436747 1.524144 1.611546 1.698992 1.786444 1.873955 1.961471 2.049058 2.136653 2.224331 2.312017 2.399798 2.487588 2.575485 2.663393 2.751418 2.839455 2.927619 3.015797 3.104112 3.192442 3.280918 3.369410 3.458057 3.546720 3.635548 3.724392 3.813408 3.902442 3.991654 4.080884 4.170299 4.259732 4.349356 4.438999 4.528837 4.618695 4.708751 4.798828 4.889106 4.979405 5.069907 5.160431 5.251159 5.341909 5.432864 5.523840 5.615022 5.706225 5.797632 5.889060 5.980691 6.072343 6.164194 6.256066 6.348134 6.440222 6.532502 6.624802 6.717289 6.809794 6.902481 6.995187 7.088067 7.180964 7.274030 7.367112 7.460354 7.553611 7.647020 7.740444 7.834009 7.927589 8.021301 8.115026 8.208874 8.302732 8.396703 8.490684 8.584765 8.678856 8.773035 8.867223 8.961487 9.055758 9.150094 9.244435 9.338828 9.433226 9.527663 9.622103 9.716569 9.811037 9.905518 10.000000 ]
[1.000000 1.087510 1.175027 1.262545 1.350082 1.437621 1.525191 1.612764 1.700381 1.788003 1.875680 1.963363 2.051114 2.138871 2.226707 2.314552 2.402486 2.490430 2.578475 2.666530 2.754697 2.842875 2.931174 3.019486 3.107929 3.196385 3.284981 3.373591 3.462349 3.551123 3.640053 3.728998 3.818107 3.907233 3.996528 4.085841 4.175329 4.264835 4.354522 4.444228 4.534118 4.624027 4.714126 4.804243 4.894552 4.984881 5.075404 5.165946 5.256683 5.347440 5.438394 5.529366 5.620535 5.711723 5.803106 5.894509 5.986104 6.077719 6.169524 6.261349 6.353360 6.445390 6.537603 6.629834 6.722244 6.814671 6.907271 6.999888 7.092671 7.185471 7.278430 7.371406 7.464533 7.557675 7.650961 7.744261 7.837697 7.931145 8.024720 8.118307 8.212010 8.305724 8.399544 8.493374 8.587299 8.681234 8.775252 8.869279 8.963378 9.057484 9.151652 9.245825 9.340047 9.434273 9.528537 9.622803 9.717095 9.811388 9.905694 10.000000 ]
[1.000000 1.087677 1.175361 1.263045 1.350747 1.438452 1.526186 1.613923 1.701702 1.789485 1.877321 1.965163 2.053068 2.140980 2.228967 2.316963 2.405043 2.493133 2.581318 2.669513 2.757815 2.846127 2.934554 3.022994 3.111557 3.200134 3.288843 3.377567 3.466431 3.555309 3.644336 3.733378 3.822576 3.911789 4.001163 4.090554 4.180112 4.269688 4.359435 4.449199 4.539140 4.629098 4.719236 4.809392 4.899731 4.990088 5.080630 5.171190 5.261936 5.352701 5.443652 5.534621 5.625777 5.716952 5.808311 5.899690 5.991251 6.082832 6.174593 6.266372 6.358329 6.450304 6.542453 6.634620 6.726955 6.819308 6.911825 7.004358 7.097049 7.189756 7.282615 7.375489 7.468507 7.561540 7.654709 7.747892 7.841203 7.934527 8.027971 8.121426 8.214991 8.308568 8.402245 8.495932 8.589709 8.683495 8.777361 8.871234 8.965177 9.059126 9.153133 9.247146 9.341205 9.435269 9.529367 9.623469 9.717594 9.811722 9.905860 10.000000 ]
[1.000000 1.087836 1.175678 1.263521 1.351380 1.439242 1.527132 1.615025 1.702958 1.790895 1.878881 1.966874 2.054926 2.142986 2.231117 2.319255 2.407474 2.495702 2.584021 2.672350 2.760779 2.849219 2.937768 3.026329 3.115008 3.203699 3.292517 3.381347 3.470312 3.559290 3.648409 3.737543 3.826824 3.916121 4.005571 4.095036 4.184661 4.274301 4.364106 4.453926 4.543914 4.633919 4.724095 4.814289 4.904655 4.995040 5.085599 5.176177 5.266931 5.357702 5.448651 5.539618 5.630762 5.721923 5.813261 5.904616 5.996146 6.087693 6.179412 6.271149 6.363055 6.454977 6.547065 6.639170 6.731436 6.823717 6.916155 7.008609 7.101212 7.193831 7.286594 7.379371 7.472286 7.565214 7.658273 7.751344 7.844537 7.937742 8.031062 8.124392 8.217827 8.311272 8.404813 8.498364 8.592000 8.685645 8.779365 8.873093 8.966887 9.060687 9.154542 9.248402 9.342307 9.436215 9.530158 9.624102 9.718070 9.812039 9.906019 10.000000 ]
[1.000000 1.087987 1.175979 1.263973 1.351982 1.439994 1.528032 1.616073 1.704152 1.792235 1.880365 1.968500 2.056694 2.144893 2.233160 2.321434 2.409786 2.498146 2.586592 2.675047 2.763598 2.852159 2.940825 3.029501 3.118289 3.207089 3.296009 3.384942 3.474002 3.563075 3.652282 3.741503 3.830865 3.920240 4.009762 4.099298 4.188986 4.278689 4.368547 4.458421 4.548455 4.638504 4.728716 4.818945 4.909338 4.999748 5.090325 5.180918 5.271680 5.362458 5.453405 5.544369 5.635502 5.726651 5.817967 5.909300 6.000800 6.092316 6.183995 6.275691 6.367548 6.459421 6.551451 6.643497 6.735696 6.827910 6.920273 7.012650 7.105171 7.197706 7.290378 7.383063 7.475880 7.568709 7.661661 7.754626 7.847708 7.940800 8.034001 8.127212 8.220523 8.313844 8.407256 8.500676 8.594179 8.687689 8.781272 8.874861 8.968513 9.062171 9.155882 9.249597 9.343354 9.437116 9.530909 9.624705 9.718522 9.812341 9.906170 10.000000 ]
[1.000000 1.088131 1.176266 1.264403 1.352555 1.440708 1.528888 1.617070 1.705287 1.793509 1.881776 1.970047 2.058374 2.146707 2.235103 2.323507 2.411984 2.500469 2.589036 2.677612 2.766279 2.854955 2.943731 3.032516 3.121409 3.210313 3.299331 3.388360 3.477511 3.566674 3.655965 3.745269 3.834706 3.924157 4.013747 4.103351 4.193099 4.282861 4.372771 4.462696 4.552772 4.642864 4.733110 4.823372 4.913790 5.004225 5.094818 5.185427 5.276196 5.366981 5.457926 5.548887 5.640009 5.731146 5.822442 5.913755 6.005225 6.096711 6.188353 6.280010 6.371821 6.463646 6.555621 6.647611 6.739747 6.831897 6.924189 7.016494 7.108935 7.201390 7.293976 7.386574 7.479297 7.572031 7.664884 7.757748 7.850722 7.943707 8.036796 8.129894 8.223087 8.316289 8.409578 8.502876 8.596251 8.689633 8.783085 8.876542 8.970060 9.063583 9.157155 9.250733 9.344350 9.437972 9.531623 9.625277 9.718952 9.812627 9.906313 10.000000 ]
[1.000000 1.088267 1.176539 1.264812 1.353099 1.441388 1.529701 1.618017 1.706367 1.794721 1.883117 1.971518 2.059972 2.148431 2.236951 2.325478 2.414074 2.502678 2.591361 2.680051 2.768828 2.857614 2.946494 3.035384 3.124376 3.213378 3.302489 3.391611 3.480848 3.570097 3.659467 3.748850 3.838360 3.927882 4.017537 4.107205 4.197009 4.286828 4.376787 4.466760 4.556877 4.647009 4.737288 4.827582 4.918024 5.008482 5.099091 5.189715 5.280490 5.371281 5.462225 5.553183 5.644294 5.735420 5.826698 5.917991 6.009433 6.100891 6.192497 6.284117 6.375883 6.467664 6.559587 6.651523 6.743599 6.835688 6.927912 7.020148 7.112515 7.204894 7.297397 7.389912 7.482546 7.575191 7.667948 7.760716 7.853589 7.946472 8.039453 8.132444 8.225525 8.318615 8.411787 8.504967 8.598221 8.691482 8.784808 8.878141 8.971530 9.064925 9.158367 9.251813 9.345298 9.438786 9.532302 9.625822 9.719360 9.812900 9.906450 10.000000 ]
[1.000000 1.088397 1.176798 1.265200 1.353616 1.442034 1.530475 1.618918 1.707394 1.795873 1.884393 1.972917 2.061491 2.150071 2.238708 2.327352 2.416062 2.504779 2.593571 2.682370 2.771252 2.860142 2.949122 3.038111 3.127197 3.216293 3.305492 3.394702 3.484021 3.573351 3.662797 3.752255 3.841833 3.931424 4.021140 4.110869 4.200728 4.290600 4.380606 4.470625 4.560781 4.650951 4.741261 4.831585 4.922050 5.012530 5.103154 5.193791 5.284574 5.375371 5.466312 5.557268 5.648369 5.739485 5.830744 5.922018 6.013435 6.104865 6.196437 6.288023 6.379746 6.471484 6.563357 6.655244 6.747262 6.839293 6.931452 7.023624 7.115918 7.208225 7.300650 7.393086 7.485635 7.578195 7.670861 7.763538 7.856315 7.949101 8.041980 8.134869 8.227843 8.320826 8.413887 8.506955 8.600094 8.693239 8.786447 8.879661 8.972928 9.066201 9.159518 9.252840 9.346198 9.439560 9.532948 9.626339 9.719749 9.813160 9.906580 10.000000 ]
[1.000000 1.088520 1.177045 1.265570 1.354108 1.442649 1.531211 1.619775 1.708370 1.796969 1.885606 1.974247 2.062936 2.151630 2.240379 2.329134 2.417952 2.506777 2.595672 2.684575 2.773557 2.862546 2.951621 3.040704 3.129879 3.219064 3.308347 3.397641 3.487038 3.576446 3.665964 3.755493 3.845136 3.934792 4.024567 4.114353 4.204264 4.294187 4.384237 4.474300 4.564493 4.654699 4.745038 4.835391 4.925878 5.016380 5.107017 5.197668 5.288457 5.379259 5.470199 5.561153 5.652244 5.743350 5.834592 5.925848 6.017240 6.108645 6.200184 6.291736 6.383420 6.475117 6.566943 6.658781 6.750745 6.842721 6.934819 7.026928 7.119155 7.211393 7.303743 7.396105 7.488573 7.581052 7.673632 7.766222 7.858907 7.951601 8.044383 8.137175 8.230047 8.322928 8.415884 8.508846 8.601875 8.694911 8.788006 8.881106 8.974258 9.067414 9.160614 9.253817 9.347055 9.440296 9.533563 9.626832 9.720118 9.813406 9.906703 10.000000 ]
[1.000000 1.088637 1.177279 1.265921 1.354576 1.443233 1.531910 1.620590 1.709298 1.798010 1.886759 1.975512 2.064310 2.153112 2.241967 2.330828 2.419749 2.508676 2.597671 2.686672 2.775748 2.864832 2.953997 3.043170 3.132430 3.221700 3.311063 3.400435 3.489907 3.579389 3.668975 3.758571 3.848277 3.937994 4.027825 4.117667 4.207626 4.297598 4.387690 4.477794 4.568023 4.658263 4.748631 4.839011 4.929519 5.020040 5.110691 5.201354 5.292149 5.382956 5.473895 5.564847 5.655929 5.747025 5.838251 5.929490 6.020858 6.112238 6.203746 6.295267 6.386913 6.478571 6.570352 6.662145 6.754057 6.845981 6.938020 7.030070 7.122232 7.214405 7.306685 7.398975 7.491367 7.583768 7.676266 7.768773 7.861371 7.953978 8.046668 8.139367 8.232144 8.324927 8.417782 8.510644 8.603569 8.696500 8.789488 8.882481 8.975522 9.068568 9.161655 9.254746 9.347869 9.440995 9.534147 9.627300 9.720470 9.813641 9.906820 10.000000 ]
[1.000000 1.088749 1.177502 1.266256 1.355021 1.443788 1.532575 1.621365 1.710181 1.799001 1.887856 1.976715 2.065616 2.154522 2.243478 2.332439 2.421458 2.510482 2.599571 2.688666 2.777832 2.867006 2.956256 3.045514 3.134856 3.224206 3.313645 3.403093 3.492635 3.582187 3.671838 3.761499 3.851264 3.941039 4.030923 4.120817 4.210823 4.300841 4.390973 4.481117 4.571379 4.661653 4.752046 4.842452 4.932980 5.023520 5.114184 5.204860 5.295660 5.386472 5.477409 5.568359 5.659433 5.750520 5.841730 5.932953 6.024298 6.115655 6.207134 6.298625 6.390235 6.481856 6.573594 6.665343 6.757206 6.849080 6.941064 7.033058 7.125159 7.217269 7.309482 7.401704 7.494023 7.586351 7.678771 7.771200 7.863715 7.956238 8.048841 8.141452 8.234137 8.326829 8.419588 8.512353 8.605180 8.698011 8.790897 8.883787 8.976724 9.069665 9.162645 9.255629 9.348643 9.441661 9.534702 9.627745 9.720804 9.813864 9.906932 10.000000 ]
[1.000000 1.088855 1.177714 1.266574 1.355444 1.444317 1.533208 1.622101 1.711021 1.799943 1.888899 1.977858 2.066858 2.155863 2.244915 2.333972 2.423083 2.512200 2.601378 2.690562 2.779814 2.869072 2.958404 3.047744 3.137162 3.226589 3.316100 3.405620 3.495229 3.584847 3.674560 3.764283 3.854104 3.943935 4.033869 4.123813 4.213864 4.303925 4.394095 4.484277 4.574570 4.664875 4.755294 4.845725 4.936272 5.026830 5.117505 5.208193 5.298998 5.389815 5.480751 5.571699 5.662765 5.753842 5.845038 5.936245 6.027569 6.118905 6.210356 6.301818 6.393393 6.484979 6.576677 6.668385 6.760201 6.852027 6.943958 7.035899 7.127941 7.219993 7.312141 7.404299 7.496549 7.588807 7.681153 7.773507 7.865943 7.958387 8.050907 8.143434 8.236032 8.328636 8.421305 8.513979 8.606711 8.699449 8.792237 8.885030 8.977867 9.070709 9.163587 9.256468 9.349380 9.442294 9.535230 9.628168 9.721122 9.814076 9.907038 10.000000 ]
[1.000000 1.088956 1.177915 1.266876 1.355847 1.444819 1.533809 1.622802 1.711819 1.800839 1.889890 1.978946 2.068039 2.157137 2.246281 2.335428 2.424628 2.513833 2.603096 2.692365 2.781698 2.871038 2.960447 3.049864 3.139355 3.228855 3.318434 3.408022 3.497696 3.587377 3.677149 3.766930 3.856804 3.946689 4.036670 4.126662 4.216754 4.306857 4.397064 4.487281 4.577605 4.667940 4.758383 4.848837 4.939401 5.029977 5.120664 5.211362 5.302173 5.392994 5.483929 5.574875 5.665933 5.757002 5.848184 5.939376 6.030680 6.121995 6.213419 6.304854 6.396396 6.487950 6.579608 6.671277 6.763048 6.854830 6.946710 7.038601 7.130587 7.222583 7.314670 7.406767 7.498951 7.591143 7.683418 7.775701 7.868062 7.960431 8.052872 8.145319 8.237834 8.330355 8.422937 8.515525 8.608167 8.700815 8.793511 8.886212 8.978954 9.071701 9.164482 9.257267 9.350080 9.442895 9.535732 9.628571 9.721424 9.814278 9.907139 10.000000 ]
[1.000000 1.089052 1.178107 1.267163 1.356229 1.445297 1.534381 1.623468 1.712578 1.801690 1.890833 1.979980 2.069163 2.158349 2.247579 2.336814 2.426097 2.515386 2.604730 2.694080 2.783490 2.872907 2.962390 3.051879 3.141441 3.231009 3.320654 3.410307 3.500041 3.589783 3.679611 3.769447 3.859372 3.949307 4.039334 4.129371 4.219503 4.309646 4.399887 4.490138 4.580491 4.670854 4.761320 4.851796 4.942377 5.032969 5.123667 5.214376 5.305191 5.396017 5.486950 5.577894 5.668945 5.760007 5.851175 5.942354 6.033638 6.124933 6.216331 6.307741 6.399252 6.490774 6.582395 6.674027 6.765756 6.857495 6.949328 7.041170 7.133103 7.225046 7.317075 7.409113 7.501235 7.593364 7.685572 7.777788 7.870077 7.962374 8.054740 8.147112 8.239548 8.331990 8.424489 8.516995 8.609552 8.702114 8.794723 8.887335 8.979988 9.072644 9.165334 9.258026 9.350746 9.443468 9.536210 9.628953 9.721711 9.814469 9.907234 10.000000 ]
[1.000000 1.089143 1.178289 1.267436 1.356593 1.445751 1.534925 1.624101 1.713299 1.802500 1.891730 1.980963 2.070231 2.159502 2.248814 2.338131 2.427495 2.516863 2.606284 2.695710 2.785194 2.874684 2.964237 3.053796 3.143424 3.233058 3.322765 3.412480 3.502271 3.592071 3.681951 3.771840 3.861814 3.951796 4.041867 4.131946 4.222117 4.312297 4.402571 4.492855 4.583235 4.673625 4.764112 4.854610 4.945207 5.035815 5.126523 5.217242 5.308062 5.398892 5.489824 5.580766 5.671810 5.762864 5.854019 5.945185 6.036451 6.127726 6.219101 6.310486 6.401968 6.493459 6.585046 6.676642 6.768331 6.860028 6.951816 7.043613 7.135496 7.227387 7.319362 7.411345 7.503406 7.595476 7.687620 7.779771 7.871993 7.964222 8.056516 8.148816 8.241177 8.333544 8.425966 8.518392 8.610869 8.703350 8.795875 8.888404 8.980971 9.073541 9.166143 9.258748 9.351379 9.444012 9.536664 9.629317 9.721984 9.814652 9.907326 10.000000 ]
[1.000000 1.089230 1.178463 1.267696 1.356939 1.446183 1.535442 1.624703 1.713986 1.803271 1.892583 1.981898 2.071246 2.160598 2.249989 2.339384 2.428823 2.518267 2.607761 2.697260 2.786814 2.876373 2.965993 3.055619 3.145309 3.235006 3.324772 3.414546 3.504392 3.594246 3.684177 3.774116 3.864136 3.954164 4.044275 4.134396 4.224603 4.314819 4.405124 4.495438 4.585844 4.676259 4.766768 4.857286 4.947898 5.038521 5.129239 5.219967 5.310791 5.401625 5.492556 5.583496 5.674534 5.765581 5.856724 5.947877 6.039125 6.130383 6.221735 6.313096 6.404550 6.496013 6.587566 6.679128 6.770779 6.862438 6.954183 7.045935 7.137771 7.229614 7.321536 7.413466 7.505471 7.597484 7.689567 7.781658 7.873815 7.965979 8.058205 8.150437 8.242727 8.335022 8.427369 8.519721 8.612121 8.704525 8.796970 8.889420 8.981905 9.074394 9.166913 9.259435 9.351981 9.444529 9.537095 9.629663 9.722244 9.814825 9.907412 10.000000 ]
[1.000000 1.089312 1.178628 1.267943 1.357268 1.446594 1.535934 1.625276 1.714638 1.804003 1.893393 1.982787 2.072212 2.161640 2.251106 2.340575 2.430086 2.519602 2.609166 2.698734 2.788354 2.877980 2.967663 3.057352 3.147102 3.236859 3.326681 3.416510 3.506409 3.596315 3.686294 3.776280 3.866344 3.956415 4.046566 4.136725 4.226966 4.317216 4.407551 4.497895 4.588325 4.678765 4.769293 4.859830 4.950457 5.041093 5.131821 5.222558 5.313386 5.404224 5.495154 5.586093 5.677124 5.768164 5.859296 5.950437 6.041668 6.132909 6.224239 6.315578 6.407005 6.498441 6.589963 6.681493 6.773107 6.864729 6.956433 7.048144 7.139934 7.231731 7.323604 7.415484 7.507435 7.599393 7.691419 7.783452 7.875548 7.967650 8.059811 8.151978 8.244200 8.336427 8.428704 8.520985 8.613312 8.705642 8.798012 8.890386 8.982794 9.075205 9.167645 9.260088 9.352553 9.445021 9.537506 9.629993 9.722491 9.814990 9.907495 10.000000 ]
[1.000000 1.089391 1.178784 1.268178 1.357581 1.446984 1.536401 1.625820 1.715259 1.804699 1.894164 1.983632 2.073130 2.162631 2.252167 2.341707 2.431288 2.520872 2.610501 2.700135 2.789819 2.879508 2.969251 3.059000 3.148807 3.238620 3.328496 3.418378 3.508326 3.598281 3.688306 3.778338 3.868443 3.958555 4.048743 4.138939 4.229214 4.319496 4.409859 4.500230 4.590684 4.681147 4.771694 4.862249 4.952890 5.043540 5.134276 5.225022 5.315854 5.406695 5.497624 5.588562 5.679587 5.770620 5.861741 5.952871 6.044087 6.135311 6.226620 6.317938 6.409340 6.500750 6.592241 6.683741 6.775321 6.866908 6.958572 7.050244 7.141991 7.233745 7.325570 7.417402 7.509302 7.601209 7.693180 7.785157 7.877195 7.969239 8.061339 8.153444 8.245601 8.337763 8.429973 8.522187 8.614444 8.706704 8.799003 8.891305 8.983639 9.075976 9.168341 9.260708 9.353097 9.445489 9.537896 9.630305 9.722726 9.815147 9.907573 10.000000 ]
