1,2c1,2
< Running on host node060
< Time is Mon Nov 18 01:55:53 GMT 2013
---
> Running on host node001
> Time is Mon Nov 18 01:59:49 GMT 2013
4c4
< PBS job ID is 677994.bluecrystal1.cm.cluster
---
> PBS job ID is 677996.bluecrystal1.cm.cluster
6,36c6,36
< node060.cm.cluster
< 0 0 0.000000 0.000000 0.000000 0.000000 0.000000 0.000000 0.000000 0.000000 0.000000
< 0 1 0.000000 0.000000 0.000000 0.000000 0.000000 0.000000 0.000000 0.000000 0.000000
< 0 2 0.000000 0.000000 0.000000 0.000000 0.000000 0.000000 0.000000 0.000000 0.000000
< 0 3 0.000000 0.000000 0.000000 0.000000 0.000000 0.000000 0.000000 0.000000 0.000000
< 0 4 0.000000 0.000000 0.000000 0.000000 0.000000 0.000000 0.000000 0.000000 0.000000
< 0 5 0.000000 0.000000 0.000000 0.000000 0.000000 0.000000 0.000000 0.000000 0.000000
< 0 6 0.000000 0.000000 0.000000 0.000000 0.000000 0.000000 0.000000 0.000000 0.000000
< 0 7 0.000000 0.000000 0.000000 0.000000 0.000000 0.000000 0.000000 0.000000 0.000000
< 0 8 0.000000 0.000000 0.000000 0.000000 0.000000 0.000000 0.000000 0.000000 0.000000
< 0 9 0.000000 0.000000 0.000000 0.000000 0.000000 0.000000 0.000000 0.000000 0.000000
< 0 10 0.000000 0.000000 0.000000 0.000000 0.000000 0.000000 0.000000 0.000000 0.000000
< 0 11 0.000000 0.000000 0.000000 0.000000 0.000000 0.000000 0.000000 0.000000 0.000000
< 0 12 0.000000 0.000000 0.000000 0.000000 0.000000 0.000000 0.000000 0.000000 0.000000
< 0 13 0.000000 0.000000 0.000000 0.000000 0.000000 0.000000 0.000000 0.000000 0.000000
< 0 14 0.000000 0.000000 0.000000 0.000000 0.000000 0.000000 0.000000 0.000000 0.000000
< 0 15 0.000000 0.000000 0.000000 0.000000 0.000000 0.000000 0.000000 0.000000 0.000000
< 0 16 0.000000 0.000000 0.000000 0.000000 0.000000 0.000000 0.000000 0.000000 0.000000
< 0 17 0.000000 0.000000 0.000000 0.000000 0.000000 0.000000 0.000000 0.000000 0.000000
< 0 18 0.000000 0.000000 0.000000 0.000000 0.000000 0.000000 0.000000 0.000000 0.000000
< 0 19 0.000000 0.000000 0.000000 0.000000 0.000000 0.000000 0.000000 0.000000 0.000000
< 0 20 0.000000 0.000000 0.000000 0.000000 0.000000 0.000000 0.000000 0.000000 0.000000
< 0 21 0.000000 0.000000 0.000000 0.000000 0.000000 0.000000 0.000000 0.000000 0.000000
< 0 22 0.000000 0.000000 0.000000 0.000000 0.000000 0.000000 0.000000 0.000000 0.000000
< 0 23 0.000000 0.000000 0.000000 0.000000 0.000000 0.000000 0.000000 0.000000 0.000000
< 0 24 0.000000 0.000000 0.000000 0.000000 0.000000 0.000000 0.000000 0.000000 0.000000
< 0 25 0.000000 0.000000 0.000000 0.000000 0.000000 0.000000 0.000000 0.000000 0.000000
< 0 26 0.000000 0.000000 0.000000 0.000000 0.000000 0.000000 0.000000 0.000000 0.000000
< 0 27 0.000000 0.000000 0.000000 0.000000 0.000000 0.000000 0.000000 0.000000 0.000000
< 0 28 0.000000 0.000000 0.000000 0.000000 0.000000 0.000000 0.000000 0.000000 0.000000
< 0 29 0.000000 0.000000 0.000000 0.000000 0.000000 0.000000 0.000000 0.000000 0.000000
---
> node001.cm.cluster
> 0 0 0.044444 0.011111 0.011111 0.011111 0.011111 0.002778 0.002778 0.002778 0.002778
> 0 1 0.044444 0.011111 0.011111 0.011111 0.011111 0.002792 0.002778 0.002778 0.002778
> 0 2 0.044444 0.011111 0.011111 0.011111 0.011111 0.002778 0.002778 0.002778 0.002778
> 0 3 0.044444 0.011111 0.011111 0.011111 0.011111 0.002778 0.002778 0.002778 0.002778
> 0 4 0.044444 0.011111 0.011111 0.011111 0.011111 0.002778 0.002778 0.002778 0.002778
> 0 5 0.044444 0.011111 0.011111 0.011111 0.011111 0.002778 0.002778 0.002778 0.002778
> 0 6 0.044444 0.011111 0.011111 0.011111 0.011111 0.002778 0.002778 0.002778 0.002778
> 0 7 0.044444 0.011111 0.011111 0.011111 0.011111 0.002778 0.002778 0.002778 0.002778
> 0 8 0.044444 0.011111 0.011111 0.011111 0.011111 0.002778 0.002778 0.002778 0.002778
> 0 9 0.044444 0.011111 0.011111 0.011111 0.011111 0.002778 0.002778 0.002778 0.002778
> 0 10 0.044444 0.011111 0.011111 0.011111 0.011111 0.002778 0.002778 0.002778 0.002778
> 0 11 0.044444 0.011111 0.011111 0.011111 0.011111 0.002778 0.002778 0.002778 0.002778
> 0 12 0.044444 0.011111 0.011111 0.011111 0.011111 0.002778 0.002778 0.002778 0.002778
> 0 13 0.044444 0.011111 0.011111 0.011111 0.011111 0.002778 0.002778 0.002778 0.002778
> 0 14 0.044444 0.011111 0.011111 0.011111 0.011111 0.002778 0.002778 0.002778 0.002778
> 0 15 0.044444 0.011111 0.011111 0.011111 0.011111 0.002778 0.002778 0.002778 0.002778
> 0 16 0.044444 0.011111 0.011111 0.011111 0.011111 0.002778 0.002778 0.002778 0.002778
> 0 17 0.044444 0.011111 0.011111 0.011111 0.011111 0.002778 0.002778 0.002778 0.002778
> 0 18 0.044444 0.011111 0.011111 0.011111 0.011111 0.002778 0.002778 0.002778 0.002778
> 0 19 0.044444 0.011111 0.011111 0.011111 0.011111 0.002778 0.002778 0.002778 0.002778
> 0 20 0.044444 0.011111 0.011111 0.011111 0.011111 0.002778 0.002778 0.002778 0.002778
> 0 21 0.044444 0.011111 0.011111 0.011111 0.011111 0.002778 0.002778 0.002778 0.002778
> 0 22 0.044444 0.011111 0.011111 0.011111 0.011111 0.002778 0.002778 0.002778 0.002778
> 0 23 0.044444 0.011111 0.011111 0.011111 0.011111 0.002778 0.002778 0.002778 0.002778
> 0 24 0.044444 0.011111 0.011111 0.011111 0.011111 0.002778 0.002778 0.002778 0.002778
> 0 25 0.044444 0.011111 0.011111 0.011111 0.011111 0.002778 0.002778 0.002778 0.002778
> 0 26 0.044444 0.011111 0.011111 0.011111 0.011111 0.002778 0.002778 0.002778 0.002778
> 0 27 0.044444 0.011111 0.011111 0.011111 0.011111 0.002778 0.002778 0.002778 0.002778
> 0 28 0.044444 0.011111 0.011111 0.011111 0.011111 0.002778 0.002778 0.002778 0.002778
> 0 29 0.044444 0.011111 0.011111 0.011111 0.011111 0.002778 0.002764 0.002778 0.002778
128c128
< 4 1 0.044444 0.011167 0.011111 0.011111 0.011111 0.002792 0.002778 0.002778 0.002778
---
> 4 1 0.044444 0.011167 0.011111 0.011111 0.011111 0.002792 0.002778 0.002778 0.002792
156c156
< 4 29 0.044444 0.011111 0.011111 0.011056 0.011111 0.002778 0.002764 0.002778 0.002778
---
> 4 29 0.044444 0.011111 0.011111 0.011056 0.011111 0.002778 0.002764 0.002764 0.002778
158c158
< 5 1 0.044444 0.011167 0.011111 0.011111 0.011111 0.002792 0.002778 0.002778 0.002778
---
> 5 1 0.044444 0.011167 0.011111 0.011111 0.011111 0.002792 0.002778 0.002778 0.002792
186,216c186,216
< 5 29 0.044444 0.011111 0.011111 0.011056 0.011111 0.002778 0.002764 0.002778 0.002778
< 6 0 0.000000 0.000000 0.000000 0.000000 0.000000 0.000000 0.000000 0.000000 0.000000
< 6 1 0.000000 0.000000 0.000000 0.000000 0.000000 0.000000 0.000000 0.000000 0.000000
< 6 2 0.000000 0.000000 0.000000 0.000000 0.000000 0.000000 0.000000 0.000000 0.000000
< 6 3 0.000000 0.000000 0.000000 0.000000 0.000000 0.000000 0.000000 0.000000 0.000000
< 6 4 0.000000 0.000000 0.000000 0.000000 0.000000 0.000000 0.000000 0.000000 0.000000
< 6 5 0.000000 0.000000 0.000000 0.000000 0.000000 0.000000 0.000000 0.000000 0.000000
< 6 6 0.000000 0.000000 0.000000 0.000000 0.000000 0.000000 0.000000 0.000000 0.000000
< 6 7 0.000000 0.000000 0.000000 0.000000 0.000000 0.000000 0.000000 0.000000 0.000000
< 6 8 0.000000 0.000000 0.000000 0.000000 0.000000 0.000000 0.000000 0.000000 0.000000
< 6 9 0.000000 0.000000 0.000000 0.000000 0.000000 0.000000 0.000000 0.000000 0.000000
< 6 10 0.000000 0.000000 0.000000 0.000000 0.000000 0.000000 0.000000 0.000000 0.000000
< 6 11 0.000000 0.000000 0.000000 0.000000 0.000000 0.000000 0.000000 0.000000 0.000000
< 6 12 0.000000 0.000000 0.000000 0.000000 0.000000 0.000000 0.000000 0.000000 0.000000
< 6 13 0.000000 0.000000 0.000000 0.000000 0.000000 0.000000 0.000000 0.000000 0.000000
< 6 14 0.000000 0.000000 0.000000 0.000000 0.000000 0.000000 0.000000 0.000000 0.000000
< 6 15 0.000000 0.000000 0.000000 0.000000 0.000000 0.000000 0.000000 0.000000 0.000000
< 6 16 0.000000 0.000000 0.000000 0.000000 0.000000 0.000000 0.000000 0.000000 0.000000
< 6 17 0.000000 0.000000 0.000000 0.000000 0.000000 0.000000 0.000000 0.000000 0.000000
< 6 18 0.000000 0.000000 0.000000 0.000000 0.000000 0.000000 0.000000 0.000000 0.000000
< 6 19 0.000000 0.000000 0.000000 0.000000 0.000000 0.000000 0.000000 0.000000 0.000000
< 6 20 0.000000 0.000000 0.000000 0.000000 0.000000 0.000000 0.000000 0.000000 0.000000
< 6 21 0.000000 0.000000 0.000000 0.000000 0.000000 0.000000 0.000000 0.000000 0.000000
< 6 22 0.000000 0.000000 0.000000 0.000000 0.000000 0.000000 0.000000 0.000000 0.000000
< 6 23 0.000000 0.000000 0.000000 0.000000 0.000000 0.000000 0.000000 0.000000 0.000000
< 6 24 0.000000 0.000000 0.000000 0.000000 0.000000 0.000000 0.000000 0.000000 0.000000
< 6 25 0.000000 0.000000 0.000000 0.000000 0.000000 0.000000 0.000000 0.000000 0.000000
< 6 26 0.000000 0.000000 0.000000 0.000000 0.000000 0.000000 0.000000 4464665508300037882012464316416.000000 202213400079725756416.000000
< 6 27 0.000000 17751997780891114434040168448.000000 0.000000 0.000000 0.000000 0.000000 1076471704663581786112.000000 54222995869145422704762945536.000000 4611253921894205331462946816.000000
< 6 28 848239731794390695163199488.000000 4630367995381525399818207232.000000 16484886004034416148480.000000 4321258708843473647240740864.000000 0.000000 0.000000 4464665508300037882012464316416.000000 202213400079725756416.000000 0.000000
< 6 29 17751997780891114434040168448.000000 0.000000 0.000000 0.000000 0.000000 1076471704663581786112.000000 54222995869145422704762945536.000000 4611253921894205331462946816.000000 3392958927177562780652797952.000000
---
> 5 29 0.044444 0.011111 0.011111 0.011056 0.011111 0.002778 0.002764 0.002764 0.002778
> 6 0 0.044444 0.011111 0.011111 0.011111 0.011111 0.002778 0.002778 0.002778 0.002778
> 6 1 0.044444 0.011167 0.011111 0.011111 0.011111 0.002792 0.002778 0.002778 0.002792
> 6 2 0.044444 0.011111 0.011111 0.011111 0.011111 0.002778 0.002778 0.002778 0.002778
> 6 3 0.044444 0.011111 0.011111 0.011111 0.011111 0.002778 0.002778 0.002778 0.002778
> 6 4 0.044444 0.011111 0.011111 0.011111 0.011111 0.002778 0.002778 0.002778 0.002778
> 6 5 0.044444 0.011111 0.011111 0.011111 0.011111 0.002778 0.002778 0.002778 0.002778
> 6 6 0.044444 0.011111 0.011111 0.011111 0.011111 0.002778 0.002778 0.002778 0.002778
> 6 7 0.044444 0.011111 0.011111 0.011111 0.011111 0.002778 0.002778 0.002778 0.002778
> 6 8 0.044444 0.011111 0.011111 0.011111 0.011111 0.002778 0.002778 0.002778 0.002778
> 6 9 0.044444 0.011111 0.011111 0.011111 0.011111 0.002778 0.002778 0.002778 0.002778
> 6 10 0.044444 0.011111 0.011111 0.011111 0.011111 0.002778 0.002778 0.002778 0.002778
> 6 11 0.044444 0.011111 0.011111 0.011111 0.011111 0.002778 0.002778 0.002778 0.002778
> 6 12 0.044444 0.011111 0.011111 0.011111 0.011111 0.002778 0.002778 0.002778 0.002778
> 6 13 0.044444 0.011111 0.011111 0.011111 0.011111 0.002778 0.002778 0.002778 0.002778
> 6 14 0.044444 0.011111 0.011111 0.011111 0.011111 0.002778 0.002778 0.002778 0.002778
> 6 15 0.044444 0.011111 0.011111 0.011111 0.011111 0.002778 0.002778 0.002778 0.002778
> 6 16 0.044444 0.011111 0.011111 0.011111 0.011111 0.002778 0.002778 0.002778 0.002778
> 6 17 0.044444 0.011111 0.011111 0.011111 0.011111 0.002778 0.002778 0.002778 0.002778
> 6 18 0.044444 0.011111 0.011111 0.011111 0.011111 0.002778 0.002778 0.002778 0.002778
> 6 19 0.044444 0.011111 0.011111 0.011111 0.011111 0.002778 0.002778 0.002778 0.002778
> 6 20 0.044444 0.011111 0.011111 0.011111 0.011111 0.002778 0.002778 0.002778 0.002778
> 6 21 0.044444 0.011111 0.011111 0.011111 0.011111 0.002778 0.002778 0.002778 0.002778
> 6 22 0.044444 0.011111 0.011111 0.011111 0.011111 0.002778 0.002778 0.002778 0.002778
> 6 23 0.044444 0.011111 0.011111 0.011111 0.011111 0.002778 0.002778 0.002778 0.002778
> 6 24 0.044444 0.011111 0.011111 0.011111 0.011111 0.002778 0.002778 0.002778 0.002778
> 6 25 0.044444 0.011111 0.011111 0.011111 0.011111 0.002778 0.002778 0.002778 0.002778
> 6 26 0.044444 0.011111 0.011111 0.011111 0.011111 0.002778 0.002778 0.002778 0.002778
> 6 27 0.044444 0.011111 0.011111 0.011111 0.011111 0.002778 0.002778 0.002778 0.002778
> 6 28 0.044444 0.011111 0.011111 0.011111 0.011111 0.002778 0.002778 0.002778 0.002778
> 6 29 0.044444 0.011111 0.011111 0.011056 0.011111 0.002778 0.002764 0.002764 0.002778
218,250c218,250
< av velocity: 5.472088014358E-05
< tot density: 6.000034332275E+01
< 0 0 0.000000 0.000000 0.000000 0.000000 0.000000 0.000000 0.000000 0.000000 0.000000
< 0 1 0.000000 0.000000 0.000000 0.000000 0.000000 0.000000 0.000000 0.000000 0.000000
< 0 2 0.000000 0.000000 0.000000 0.000000 0.000000 0.000000 0.000000 0.000000 0.000000
< 0 3 0.000000 0.000000 0.000000 0.000000 0.000000 0.000000 0.000000 0.000000 0.000000
< 0 4 0.000000 0.000000 0.000000 0.000000 0.000000 0.000000 0.000000 0.000000 0.000000
< 0 5 0.000000 0.000000 0.000000 0.000000 0.000000 0.000000 0.000000 0.000000 0.000000
< 0 6 0.000000 0.000000 0.000000 0.000000 0.000000 0.000000 0.000000 0.000000 0.000000
< 0 7 0.000000 0.000000 0.000000 0.000000 0.000000 0.000000 0.000000 0.000000 0.000000
< 0 8 0.000000 0.000000 0.000000 0.000000 0.000000 0.000000 0.000000 0.000000 0.000000
< 0 9 0.000000 0.000000 0.000000 0.000000 0.000000 0.000000 0.000000 0.000000 0.000000
< 0 10 0.000000 0.000000 0.000000 0.000000 0.000000 0.000000 0.000000 0.000000 0.000000
< 0 11 0.000000 0.000000 0.000000 0.000000 0.000000 0.000000 0.000000 0.000000 0.000000
< 0 12 0.000000 0.000000 0.000000 0.000000 0.000000 0.000000 0.000000 0.000000 0.000000
< 0 13 0.000000 0.000000 0.000000 0.000000 0.000000 0.000000 0.000000 0.000000 0.000000
< 0 14 0.000000 0.000000 0.000000 0.000000 0.000000 0.000000 0.000000 0.000000 0.000000
< 0 15 0.000000 0.000000 0.000000 0.000000 0.000000 0.000000 0.000000 0.000000 0.000000
< 0 16 0.000000 0.000000 0.000000 0.000000 0.000000 0.000000 0.000000 0.000000 0.000000
< 0 17 0.000000 0.000000 0.000000 0.000000 0.000000 0.000000 0.000000 0.000000 0.000000
< 0 18 0.000000 0.000000 0.000000 0.000000 0.000000 0.000000 0.000000 0.000000 0.000000
< 0 19 0.000000 0.000000 0.000000 0.000000 0.000000 0.000000 0.000000 0.000000 0.000000
< 0 20 0.000000 0.000000 0.000000 0.000000 0.000000 0.000000 0.000000 0.000000 0.000000
< 0 21 0.000000 0.000000 0.000000 0.000000 0.000000 0.000000 0.000000 0.000000 0.000000
< 0 22 0.000000 0.000000 0.000000 0.000000 0.000000 0.000000 0.000000 0.000000 0.000000
< 0 23 0.000000 0.000000 0.000000 0.000000 0.000000 0.000000 0.000000 0.000000 0.000000
< 0 24 0.000000 0.000000 0.000000 0.000000 0.000000 0.000000 0.000000 0.000000 0.000000
< 0 25 0.000000 0.000000 0.000000 0.000000 0.000000 0.000000 0.000000 0.000000 0.000000
< 0 26 0.000000 0.000000 0.000000 0.000000 0.000000 0.000000 0.000000 0.000000 0.000000
< 0 27 0.000000 0.000000 0.000000 0.000000 0.000000 0.000000 0.000000 0.000000 0.000000
< 0 28 0.000000 0.000000 0.000000 0.000000 0.000000 0.000000 0.000000 0.000000 0.000000
< 0 29 0.000000 0.000000 0.000000 0.000000 0.000000 0.000000 0.000000 0.000000 0.000000
< 1 0 0.044444 0.011111 0.011111 0.011111 0.011111 0.002764 0.002792 0.002773 0.002783
---
> av velocity: 5.524204243557E-05
> tot density: 5.999989700317E+01
> 0 0 0.044444 0.011111 0.011111 0.011111 0.011111 0.002783 0.002773 0.002778 0.002778
> 0 1 0.044444 0.011111 0.011134 0.011111 0.011111 0.002792 0.002778 0.002778 0.002778
> 0 2 0.044444 0.011111 0.011111 0.011111 0.011111 0.002782 0.002778 0.002778 0.002778
> 0 3 0.044444 0.011111 0.011111 0.011111 0.011111 0.002778 0.002778 0.002778 0.002778
> 0 4 0.044444 0.011111 0.011111 0.011111 0.011111 0.002778 0.002778 0.002778 0.002778
> 0 5 0.044444 0.011111 0.011111 0.011111 0.011111 0.002778 0.002778 0.002778 0.002778
> 0 6 0.044444 0.011111 0.011111 0.011111 0.011111 0.002778 0.002778 0.002778 0.002778
> 0 7 0.044444 0.011111 0.011111 0.011111 0.011111 0.002778 0.002778 0.002778 0.002778
> 0 8 0.044444 0.011111 0.011111 0.011111 0.011111 0.002778 0.002778 0.002778 0.002778
> 0 9 0.044444 0.011111 0.011111 0.011111 0.011111 0.002778 0.002778 0.002778 0.002778
> 0 10 0.044444 0.011111 0.011111 0.011111 0.011111 0.002778 0.002778 0.002778 0.002778
> 0 11 0.044444 0.011111 0.011111 0.011111 0.011111 0.002778 0.002778 0.002778 0.002778
> 0 12 0.044444 0.011111 0.011111 0.011111 0.011111 0.002778 0.002778 0.002778 0.002778
> 0 13 0.044444 0.011111 0.011111 0.011111 0.011111 0.002778 0.002778 0.002778 0.002778
> 0 14 0.044444 0.011111 0.011111 0.011111 0.011111 0.002778 0.002778 0.002778 0.002778
> 0 15 0.044444 0.011111 0.011111 0.011111 0.011111 0.002778 0.002778 0.002778 0.002778
> 0 16 0.044444 0.011111 0.011111 0.011111 0.011111 0.002778 0.002778 0.002778 0.002778
> 0 17 0.044444 0.011111 0.011111 0.011111 0.011111 0.002778 0.002778 0.002778 0.002778
> 0 18 0.044444 0.011111 0.011111 0.011111 0.011111 0.002778 0.002778 0.002778 0.002778
> 0 19 0.044444 0.011111 0.011111 0.011111 0.011111 0.002778 0.002778 0.002778 0.002778
> 0 20 0.044444 0.011111 0.011111 0.011111 0.011111 0.002778 0.002778 0.002778 0.002778
> 0 21 0.044444 0.011111 0.011111 0.011111 0.011111 0.002778 0.002778 0.002778 0.002778
> 0 22 0.044444 0.011111 0.011111 0.011111 0.011111 0.002778 0.002778 0.002778 0.002778
> 0 23 0.044444 0.011111 0.011111 0.011111 0.011111 0.002778 0.002778 0.002778 0.002778
> 0 24 0.044444 0.011111 0.011111 0.011111 0.011111 0.002778 0.002778 0.002778 0.002778
> 0 25 0.044444 0.011111 0.011111 0.011111 0.011111 0.002778 0.002778 0.002778 0.002778
> 0 26 0.044444 0.011111 0.011111 0.011111 0.011111 0.002778 0.002778 0.002778 0.002778
> 0 27 0.044444 0.011111 0.011111 0.011111 0.011111 0.002778 0.002778 0.002778 0.002778
> 0 28 0.044444 0.011111 0.011111 0.011111 0.011111 0.002778 0.002773 0.002778 0.002778
> 0 29 0.044444 0.011111 0.011088 0.011111 0.011111 0.002778 0.002764 0.002778 0.002778
> 1 0 0.044444 0.011111 0.011111 0.011111 0.011111 0.002778 0.002778 0.002773 0.002783
310,312c310,312
< 3 0 0.044444 0.011145 0.011111 0.011077 0.011111 0.002787 0.002769 0.002769 0.002787
< 3 1 0.044513 0.011167 0.011117 0.011111 0.011117 0.002792 0.002778 0.002778 0.002792
< 3 2 0.044444 0.011132 0.011111 0.011111 0.011111 0.002790 0.002778 0.002778 0.002790
---
> 3 0 0.044444 0.011145 0.011111 0.011077 0.011111 0.002787 0.002769 0.002769 0.002786
> 3 1 0.044513 0.011167 0.011117 0.011111 0.011128 0.002792 0.002778 0.002778 0.002792
> 3 2 0.044444 0.011132 0.011111 0.011111 0.011111 0.002790 0.002778 0.002778 0.002783
338,342c338,342
< 3 28 0.044444 0.011111 0.011111 0.011090 0.011111 0.002778 0.002766 0.002766 0.002778
< 3 29 0.044376 0.011111 0.011105 0.011056 0.011105 0.002778 0.002764 0.002764 0.002778
< 4 0 0.044444 0.011140 0.011111 0.011083 0.011111 0.002786 0.002769 0.002792 0.002764
< 4 1 0.044501 0.011167 0.011128 0.011111 0.011111 0.002792 0.002778 0.002778 0.002778
< 4 2 0.044444 0.011121 0.011111 0.011111 0.011111 0.002783 0.002778 0.002778 0.002778
---
> 3 28 0.044444 0.011111 0.011111 0.011090 0.011111 0.002778 0.002766 0.002772 0.002778
> 3 29 0.044376 0.011111 0.011105 0.011056 0.011094 0.002778 0.002764 0.002764 0.002778
> 4 0 0.044444 0.011145 0.011111 0.011077 0.011111 0.002786 0.002769 0.002769 0.002786
> 4 1 0.044513 0.011167 0.011128 0.011111 0.011128 0.002792 0.002778 0.002778 0.002792
> 4 2 0.044444 0.011132 0.011111 0.011111 0.011111 0.002783 0.002778 0.002778 0.002783
368,372c368,372
< 4 28 0.044444 0.011111 0.011111 0.011101 0.011111 0.002778 0.002772 0.002778 0.002778
< 4 29 0.044387 0.011111 0.011094 0.011056 0.011111 0.002778 0.002764 0.002778 0.002778
< 5 0 0.044444 0.011140 0.011111 0.011083 0.011111 0.002783 0.002773 0.002778 0.002778
< 5 1 0.044501 0.011167 0.011134 0.011111 0.011111 0.002792 0.002778 0.002778 0.002778
< 5 2 0.044444 0.011121 0.011111 0.011111 0.011111 0.002782 0.002778 0.002778 0.002778
---
> 4 28 0.044444 0.011111 0.011111 0.011090 0.011111 0.002778 0.002772 0.002772 0.002778
> 4 29 0.044376 0.011111 0.011094 0.011056 0.011094 0.002778 0.002764 0.002764 0.002778
> 5 0 0.044444 0.011145 0.011111 0.011077 0.011111 0.002786 0.002769 0.002769 0.002786
> 5 1 0.044513 0.011167 0.011128 0.011111 0.011128 0.002792 0.002778 0.002778 0.002792
> 5 2 0.044444 0.011132 0.011111 0.011111 0.011111 0.002783 0.002778 0.002778 0.002783
398,429c398,429
< 5 28 0.044444 0.011111 0.011111 0.011101 0.011111 0.002778 0.002773 0.002778 0.002778
< 5 29 0.044387 0.011111 0.011088 0.011056 0.011111 0.002778 0.002764 0.002778 0.002778
< 6 0 0.000000 0.000000 0.000000 0.000000 0.000000 0.000000 0.000000 0.000000 0.000000
< 6 1 0.000000 0.000000 0.000000 0.000000 0.000000 0.000000 0.000000 0.000000 0.000000
< 6 2 0.000000 0.000000 0.000000 0.000000 0.000000 0.000000 0.000000 0.000000 0.000000
< 6 3 0.000000 0.000000 0.000000 0.000000 0.000000 0.000000 0.000000 0.000000 0.000000
< 6 4 0.000000 0.000000 0.000000 0.000000 0.000000 0.000000 0.000000 0.000000 0.000000
< 6 5 0.000000 0.000000 0.000000 0.000000 0.000000 0.000000 0.000000 0.000000 0.000000
< 6 6 0.000000 0.000000 0.000000 0.000000 0.000000 0.000000 0.000000 0.000000 0.000000
< 6 7 0.000000 0.000000 0.000000 0.000000 0.000000 0.000000 0.000000 0.000000 0.000000
< 6 8 0.000000 0.000000 0.000000 0.000000 0.000000 0.000000 0.000000 0.000000 0.000000
< 6 9 0.000000 0.000000 0.000000 0.000000 0.000000 0.000000 0.000000 0.000000 0.000000
< 6 10 0.000000 0.000000 0.000000 0.000000 0.000000 0.000000 0.000000 0.000000 0.000000
< 6 11 0.000000 0.000000 0.000000 0.000000 0.000000 0.000000 0.000000 0.000000 0.000000
< 6 12 0.000000 0.000000 0.000000 0.000000 0.000000 0.000000 0.000000 0.000000 0.000000
< 6 13 0.000000 0.000000 0.000000 0.000000 0.000000 0.000000 0.000000 0.000000 0.000000
< 6 14 0.000000 0.000000 0.000000 0.000000 0.000000 0.000000 0.000000 0.000000 0.000000
< 6 15 0.000000 0.000000 0.000000 0.000000 0.000000 0.000000 0.000000 0.000000 0.000000
< 6 16 0.000000 0.000000 0.000000 0.000000 0.000000 0.000000 0.000000 0.000000 0.000000
< 6 17 0.000000 0.000000 0.000000 0.000000 0.000000 0.000000 0.000000 0.000000 0.000000
< 6 18 0.000000 0.000000 0.000000 0.000000 0.000000 0.000000 0.000000 0.000000 0.000000
< 6 19 0.000000 0.000000 0.000000 0.000000 0.000000 0.000000 0.000000 0.000000 0.000000
< 6 20 0.000000 0.000000 0.000000 0.000000 0.000000 0.000000 0.000000 0.000000 0.000000
< 6 21 0.000000 0.000000 0.000000 0.000000 0.000000 0.000000 0.000000 0.000000 0.000000
< 6 22 0.000000 0.000000 0.000000 0.000000 0.000000 0.000000 0.000000 0.000000 0.000000
< 6 23 0.000000 0.000000 0.000000 0.000000 0.000000 0.000000 0.000000 0.000000 0.000000
< 6 24 0.000000 0.000000 0.000000 0.000000 0.000000 0.000000 0.000000 0.000000 0.000000
< 6 25 0.000000 0.000000 0.000000 0.000000 0.000000 0.000000 0.000000 0.000000 0.000000
< 6 26 0.000000 0.000000 0.000000 0.000000 0.000000 0.000000 0.000000 4464665508300037882012464316416.000000 202213400079725756416.000000
< 6 27 0.000000 17751997780891114434040168448.000000 0.000000 0.000000 0.000000 0.000000 1076471704663581786112.000000 54222995869145422704762945536.000000 4611253921894205331462946816.000000
< 6 28 848239731794390695163199488.000000 4630367995381525399818207232.000000 16484886004034416148480.000000 4321258708843473647240740864.000000 0.000000 0.000000 4464665508300037882012464316416.000000 202213400079725756416.000000 0.000000
< 6 29 17751997780891114434040168448.000000 0.000000 0.000000 0.000000 0.000000 1076471704663581786112.000000 54222995869145422704762945536.000000 4611253921894205331462946816.000000 3392958927177562780652797952.000000
---
> 5 28 0.044444 0.011111 0.011111 0.011090 0.011111 0.002778 0.002772 0.002772 0.002778
> 5 29 0.044376 0.011111 0.011094 0.011056 0.011094 0.002778 0.002764 0.002764 0.002778
> 6 0 0.044444 0.011145 0.011111 0.011077 0.011111 0.002786 0.002769 0.002769 0.002786
> 6 1 0.044513 0.011167 0.011128 0.011111 0.011128 0.002792 0.002778 0.002778 0.002792
> 6 2 0.044444 0.011132 0.011111 0.011111 0.011111 0.002783 0.002778 0.002778 0.002783
> 6 3 0.044444 0.011111 0.011111 0.011111 0.011111 0.002778 0.002778 0.002778 0.002778
> 6 4 0.044444 0.011111 0.011111 0.011111 0.011111 0.002778 0.002778 0.002778 0.002778
> 6 5 0.044444 0.011111 0.011111 0.011111 0.011111 0.002778 0.002778 0.002778 0.002778
> 6 6 0.044444 0.011111 0.011111 0.011111 0.011111 0.002778 0.002778 0.002778 0.002778
> 6 7 0.044444 0.011111 0.011111 0.011111 0.011111 0.002778 0.002778 0.002778 0.002778
> 6 8 0.044444 0.011111 0.011111 0.011111 0.011111 0.002778 0.002778 0.002778 0.002778
> 6 9 0.044444 0.011111 0.011111 0.011111 0.011111 0.002778 0.002778 0.002778 0.002778
> 6 10 0.044444 0.011111 0.011111 0.011111 0.011111 0.002778 0.002778 0.002778 0.002778
> 6 11 0.044444 0.011111 0.011111 0.011111 0.011111 0.002778 0.002778 0.002778 0.002778
> 6 12 0.044444 0.011111 0.011111 0.011111 0.011111 0.002778 0.002778 0.002778 0.002778
> 6 13 0.044444 0.011111 0.011111 0.011111 0.011111 0.002778 0.002778 0.002778 0.002778
> 6 14 0.044444 0.011111 0.011111 0.011111 0.011111 0.002778 0.002778 0.002778 0.002778
> 6 15 0.044444 0.011111 0.011111 0.011111 0.011111 0.002778 0.002778 0.002778 0.002778
> 6 16 0.044444 0.011111 0.011111 0.011111 0.011111 0.002778 0.002778 0.002778 0.002778
> 6 17 0.044444 0.011111 0.011111 0.011111 0.011111 0.002778 0.002778 0.002778 0.002778
> 6 18 0.044444 0.011111 0.011111 0.011111 0.011111 0.002778 0.002778 0.002778 0.002778
> 6 19 0.044444 0.011111 0.011111 0.011111 0.011111 0.002778 0.002778 0.002778 0.002778
> 6 20 0.044444 0.011111 0.011111 0.011111 0.011111 0.002778 0.002778 0.002778 0.002778
> 6 21 0.044444 0.011111 0.011111 0.011111 0.011111 0.002778 0.002778 0.002778 0.002778
> 6 22 0.044444 0.011111 0.011111 0.011111 0.011111 0.002778 0.002778 0.002778 0.002778
> 6 23 0.044444 0.011111 0.011111 0.011111 0.011111 0.002778 0.002778 0.002778 0.002778
> 6 24 0.044444 0.011111 0.011111 0.011111 0.011111 0.002778 0.002778 0.002778 0.002778
> 6 25 0.044444 0.011111 0.011111 0.011111 0.011111 0.002778 0.002778 0.002778 0.002778
> 6 26 0.044444 0.011111 0.011111 0.011111 0.011111 0.002778 0.002778 0.002778 0.002778
> 6 27 0.044444 0.011111 0.011111 0.011111 0.011111 0.002778 0.002778 0.002778 0.002778
> 6 28 0.044444 0.011111 0.011111 0.011090 0.011111 0.002778 0.002772 0.002772 0.002778
> 6 29 0.044376 0.011111 0.011094 0.011056 0.011094 0.002778 0.002764 0.002764 0.002778
431,464c431,464
< av velocity: 1.069971185643E-04
< tot density: 6.000032043457E+01
< 0 0 0.000000 0.000000 0.000000 0.000000 0.000000 0.000000 0.000000 0.000000 0.000000
< 0 1 0.000000 0.000000 0.000000 0.000000 0.000000 0.000000 0.000000 0.000000 0.000000
< 0 2 0.000000 0.000000 0.000000 0.000000 0.000000 0.000000 0.000000 0.000000 0.000000
< 0 3 0.000000 0.000000 0.000000 0.000000 0.000000 0.000000 0.000000 0.000000 0.000000
< 0 4 0.000000 0.000000 0.000000 0.000000 0.000000 0.000000 0.000000 0.000000 0.000000
< 0 5 0.000000 0.000000 0.000000 0.000000 0.000000 0.000000 0.000000 0.000000 0.000000
< 0 6 0.000000 0.000000 0.000000 0.000000 0.000000 0.000000 0.000000 0.000000 0.000000
< 0 7 0.000000 0.000000 0.000000 0.000000 0.000000 0.000000 0.000000 0.000000 0.000000
< 0 8 0.000000 0.000000 0.000000 0.000000 0.000000 0.000000 0.000000 0.000000 0.000000
< 0 9 0.000000 0.000000 0.000000 0.000000 0.000000 0.000000 0.000000 0.000000 0.000000
< 0 10 0.000000 0.000000 0.000000 0.000000 0.000000 0.000000 0.000000 0.000000 0.000000
< 0 11 0.000000 0.000000 0.000000 0.000000 0.000000 0.000000 0.000000 0.000000 0.000000
< 0 12 0.000000 0.000000 0.000000 0.000000 0.000000 0.000000 0.000000 0.000000 0.000000
< 0 13 0.000000 0.000000 0.000000 0.000000 0.000000 0.000000 0.000000 0.000000 0.000000
< 0 14 0.000000 0.000000 0.000000 0.000000 0.000000 0.000000 0.000000 0.000000 0.000000
< 0 15 0.000000 0.000000 0.000000 0.000000 0.000000 0.000000 0.000000 0.000000 0.000000
< 0 16 0.000000 0.000000 0.000000 0.000000 0.000000 0.000000 0.000000 0.000000 0.000000
< 0 17 0.000000 0.000000 0.000000 0.000000 0.000000 0.000000 0.000000 0.000000 0.000000
< 0 18 0.000000 0.000000 0.000000 0.000000 0.000000 0.000000 0.000000 0.000000 0.000000
< 0 19 0.000000 0.000000 0.000000 0.000000 0.000000 0.000000 0.000000 0.000000 0.000000
< 0 20 0.000000 0.000000 0.000000 0.000000 0.000000 0.000000 0.000000 0.000000 0.000000
< 0 21 0.000000 0.000000 0.000000 0.000000 0.000000 0.000000 0.000000 0.000000 0.000000
< 0 22 0.000000 0.000000 0.000000 0.000000 0.000000 0.000000 0.000000 0.000000 0.000000
< 0 23 0.000000 0.000000 0.000000 0.000000 0.000000 0.000000 0.000000 0.000000 0.000000
< 0 24 0.000000 0.000000 0.000000 0.000000 0.000000 0.000000 0.000000 0.000000 0.000000
< 0 25 0.000000 0.000000 0.000000 0.000000 0.000000 0.000000 0.000000 0.000000 0.000000
< 0 26 0.000000 0.000000 0.000000 0.000000 0.000000 0.000000 0.000000 0.000000 0.000000
< 0 27 0.000000 0.000000 0.000000 0.000000 0.000000 0.000000 0.000000 0.000000 0.000000
< 0 28 0.000000 0.000000 0.000000 0.000000 0.000000 0.000000 0.000000 0.000000 0.000000
< 0 29 0.000000 0.000000 0.000000 0.000000 0.000000 0.000000 0.000000 0.000000 0.000000
< 1 0 0.044444 0.011111 0.011111 0.011111 0.011111 0.002764 0.002792 0.002779 0.002776
< 1 1 0.044444 0.011111 0.011128 0.011111 0.011145 0.002769 0.002783 0.002777 0.002792
---
> av velocity: 1.087212222046E-04
> tot density: 5.999991226196E+01
> 0 0 0.044444 0.011111 0.011111 0.011111 0.011111 0.002776 0.002779 0.002778 0.002778
> 0 1 0.044444 0.011111 0.011145 0.011111 0.011111 0.002792 0.002777 0.002778 0.002778
> 0 2 0.044444 0.011111 0.011118 0.011111 0.011111 0.002789 0.002778 0.002778 0.002778
> 0 3 0.044444 0.011111 0.011111 0.011111 0.011111 0.002777 0.002778 0.002778 0.002778
> 0 4 0.044444 0.011111 0.011111 0.011111 0.011111 0.002778 0.002778 0.002778 0.002778
> 0 5 0.044444 0.011111 0.011111 0.011111 0.011111 0.002778 0.002778 0.002778 0.002778
> 0 6 0.044444 0.011111 0.011111 0.011111 0.011111 0.002778 0.002778 0.002778 0.002778
> 0 7 0.044444 0.011111 0.011111 0.011111 0.011111 0.002778 0.002778 0.002778 0.002778
> 0 8 0.044444 0.011111 0.011111 0.011111 0.011111 0.002778 0.002778 0.002778 0.002778
> 0 9 0.044444 0.011111 0.011111 0.011111 0.011111 0.002778 0.002778 0.002778 0.002778
> 0 10 0.044444 0.011111 0.011111 0.011111 0.011111 0.002778 0.002778 0.002778 0.002778
> 0 11 0.044444 0.011111 0.011111 0.011111 0.011111 0.002778 0.002778 0.002778 0.002778
> 0 12 0.044444 0.011111 0.011111 0.011111 0.011111 0.002778 0.002778 0.002778 0.002778
> 0 13 0.044444 0.011111 0.011111 0.011111 0.011111 0.002778 0.002778 0.002778 0.002778
> 0 14 0.044444 0.011111 0.011111 0.011111 0.011111 0.002778 0.002778 0.002778 0.002778
> 0 15 0.044444 0.011111 0.011111 0.011111 0.011111 0.002778 0.002778 0.002778 0.002778
> 0 16 0.044444 0.011111 0.011111 0.011111 0.011111 0.002778 0.002778 0.002778 0.002778
> 0 17 0.044444 0.011111 0.011111 0.011111 0.011111 0.002778 0.002778 0.002778 0.002778
> 0 18 0.044444 0.011111 0.011111 0.011111 0.011111 0.002778 0.002778 0.002778 0.002778
> 0 19 0.044444 0.011111 0.011111 0.011111 0.011111 0.002778 0.002778 0.002778 0.002778
> 0 20 0.044444 0.011111 0.011111 0.011111 0.011111 0.002778 0.002778 0.002778 0.002778
> 0 21 0.044444 0.011111 0.011111 0.011111 0.011111 0.002778 0.002778 0.002778 0.002778
> 0 22 0.044444 0.011111 0.011111 0.011111 0.011111 0.002778 0.002778 0.002778 0.002778
> 0 23 0.044444 0.011111 0.011111 0.011111 0.011111 0.002778 0.002778 0.002778 0.002778
> 0 24 0.044444 0.011111 0.011111 0.011111 0.011111 0.002778 0.002778 0.002778 0.002778
> 0 25 0.044444 0.011111 0.011111 0.011111 0.011111 0.002778 0.002778 0.002778 0.002778
> 0 26 0.044444 0.011111 0.011111 0.011111 0.011111 0.002778 0.002778 0.002778 0.002778
> 0 27 0.044444 0.011111 0.011111 0.011111 0.011111 0.002778 0.002778 0.002778 0.002778
> 0 28 0.044444 0.011111 0.011105 0.011111 0.011111 0.002778 0.002767 0.002778 0.002778
> 0 29 0.044444 0.011111 0.011077 0.011111 0.011111 0.002779 0.002764 0.002778 0.002778
> 1 0 0.044444 0.011111 0.011111 0.011111 0.011111 0.002778 0.002778 0.002779 0.002776
> 1 1 0.044444 0.011111 0.011111 0.011111 0.011145 0.002778 0.002778 0.002777 0.002792
492,496c492,496
< 1 29 0.044444 0.011111 0.011094 0.011111 0.011077 0.002772 0.002786 0.002764 0.002779
< 2 0 0.044444 0.011124 0.011111 0.011098 0.011111 0.002764 0.002792 0.002773 0.002782
< 2 1 0.044514 0.011171 0.011134 0.011105 0.011140 0.002773 0.002782 0.002773 0.002800
< 2 2 0.044457 0.011136 0.011111 0.011111 0.011120 0.002778 0.002778 0.002778 0.002787
< 2 3 0.044444 0.011115 0.011111 0.011111 0.011111 0.002778 0.002778 0.002778 0.002777
---
> 1 29 0.044444 0.011111 0.011111 0.011111 0.011077 0.002778 0.002778 0.002764 0.002779
> 2 0 0.044444 0.011124 0.011111 0.011098 0.011111 0.002764 0.002792 0.002776 0.002780
> 2 1 0.044514 0.011171 0.011134 0.011105 0.011139 0.002773 0.002782 0.002773 0.002800
> 2 2 0.044457 0.011136 0.011111 0.011111 0.011115 0.002778 0.002778 0.002778 0.002790
> 2 3 0.044444 0.011115 0.011111 0.011111 0.011111 0.002778 0.002778 0.002778 0.002780
520,526c520,526
< 2 27 0.044444 0.011111 0.011111 0.011107 0.011111 0.002778 0.002778 0.002779 0.002778
< 2 28 0.044432 0.011111 0.011111 0.011086 0.011102 0.002778 0.002778 0.002768 0.002778
< 2 29 0.044375 0.011117 0.011088 0.011051 0.011082 0.002773 0.002783 0.002756 0.002782
< 3 0 0.044444 0.011129 0.011111 0.011093 0.011111 0.002786 0.002770 0.002770 0.002786
< 3 1 0.044520 0.011203 0.011122 0.011092 0.011122 0.002811 0.002775 0.002775 0.002811
< 3 2 0.044482 0.011149 0.011111 0.011111 0.011111 0.002791 0.002778 0.002778 0.002791
< 3 3 0.044444 0.011130 0.011111 0.011111 0.011111 0.002780 0.002778 0.002778 0.002780
---
> 2 27 0.044444 0.011111 0.011111 0.011107 0.011111 0.002778 0.002778 0.002775 0.002778
> 2 28 0.044432 0.011111 0.011111 0.011086 0.011107 0.002778 0.002778 0.002766 0.002778
> 2 29 0.044375 0.011117 0.011088 0.011051 0.011083 0.002773 0.002783 0.002755 0.002783
> 3 0 0.044444 0.011127 0.011111 0.011096 0.011111 0.002786 0.002770 0.002774 0.002781
> 3 1 0.044530 0.011202 0.011122 0.011095 0.011135 0.002811 0.002775 0.002774 0.002800
> 3 2 0.044476 0.011151 0.011111 0.011111 0.011118 0.002791 0.002778 0.002778 0.002788
> 3 3 0.044444 0.011125 0.011111 0.011111 0.011111 0.002780 0.002778 0.002778 0.002780
550,556c550,556
< 3 27 0.044444 0.011111 0.011111 0.011092 0.011111 0.002778 0.002775 0.002775 0.002778
< 3 28 0.044407 0.011111 0.011111 0.011073 0.011111 0.002778 0.002764 0.002764 0.002778
< 3 29 0.044368 0.011130 0.011101 0.011020 0.011101 0.002780 0.002745 0.002745 0.002780
< 4 0 0.044444 0.011124 0.011111 0.011098 0.011111 0.002782 0.002773 0.002792 0.002764
< 4 1 0.044514 0.011171 0.011140 0.011105 0.011128 0.002800 0.002773 0.002783 0.002769
< 4 2 0.044457 0.011136 0.011120 0.011111 0.011111 0.002787 0.002778 0.002778 0.002778
< 4 3 0.044444 0.011115 0.011111 0.011111 0.011111 0.002777 0.002778 0.002778 0.002778
---
> 3 27 0.044444 0.011111 0.011111 0.011097 0.011111 0.002778 0.002775 0.002776 0.002778
> 3 28 0.044413 0.011111 0.011111 0.011071 0.011105 0.002778 0.002764 0.002767 0.002778
> 3 29 0.044359 0.011127 0.011101 0.011020 0.011087 0.002780 0.002745 0.002755 0.002781
> 4 0 0.044444 0.011124 0.011111 0.011098 0.011111 0.002783 0.002772 0.002774 0.002781
> 4 1 0.044539 0.011201 0.011135 0.011098 0.011135 0.002800 0.002775 0.002774 0.002800
> 4 2 0.044471 0.011154 0.011123 0.011111 0.011118 0.002786 0.002778 0.002778 0.002788
> 4 3 0.044444 0.011119 0.011111 0.011111 0.011111 0.002776 0.002778 0.002778 0.002780
580,586c580,586
< 4 27 0.044444 0.011111 0.011111 0.011107 0.011111 0.002778 0.002779 0.002778 0.002778
< 4 28 0.044432 0.011111 0.011102 0.011086 0.011111 0.002778 0.002768 0.002778 0.002778
< 4 29 0.044375 0.011117 0.011082 0.011051 0.011094 0.002782 0.002756 0.002786 0.002772
< 5 0 0.044444 0.011123 0.011111 0.011099 0.011111 0.002776 0.002779 0.002778 0.002778
< 5 1 0.044519 0.011184 0.011145 0.011105 0.011111 0.002792 0.002777 0.002778 0.002792
< 5 2 0.044456 0.011137 0.011118 0.011111 0.011111 0.002789 0.002778 0.002778 0.002778
< 5 3 0.044444 0.011115 0.011111 0.011111 0.011111 0.002777 0.002778 0.002778 0.002778
---
> 4 27 0.044444 0.011111 0.011111 0.011103 0.011111 0.002778 0.002779 0.002776 0.002778
> 4 28 0.044418 0.011111 0.011099 0.011069 0.011105 0.002778 0.002770 0.002767 0.002778
> 4 29 0.044350 0.011124 0.011087 0.011021 0.011087 0.002781 0.002756 0.002755 0.002781
> 5 0 0.044444 0.011124 0.011111 0.011098 0.011111 0.002781 0.002774 0.002774 0.002781
> 5 1 0.044539 0.011201 0.011135 0.011098 0.011135 0.002800 0.002774 0.002774 0.002800
> 5 2 0.044471 0.011154 0.011118 0.011111 0.011118 0.002788 0.002778 0.002778 0.002788
> 5 3 0.044444 0.011119 0.011111 0.011111 0.011111 0.002780 0.002778 0.002778 0.002780
610,642c610,642
< 5 27 0.044444 0.011111 0.011111 0.011108 0.011111 0.002778 0.002778 0.002778 0.002778
< 5 28 0.044433 0.011111 0.011105 0.011085 0.011111 0.002778 0.002767 0.002778 0.002778
< 5 29 0.044370 0.011117 0.011077 0.011038 0.011111 0.002779 0.002764 0.002764 0.002778
< 6 0 0.000000 0.000000 0.000000 0.000000 0.000000 0.000000 0.000000 0.000000 0.000000
< 6 1 0.000000 0.000000 0.000000 0.000000 0.000000 0.000000 0.000000 0.000000 0.000000
< 6 2 0.000000 0.000000 0.000000 0.000000 0.000000 0.000000 0.000000 0.000000 0.000000
< 6 3 0.000000 0.000000 0.000000 0.000000 0.000000 0.000000 0.000000 0.000000 0.000000
< 6 4 0.000000 0.000000 0.000000 0.000000 0.000000 0.000000 0.000000 0.000000 0.000000
< 6 5 0.000000 0.000000 0.000000 0.000000 0.000000 0.000000 0.000000 0.000000 0.000000
< 6 6 0.000000 0.000000 0.000000 0.000000 0.000000 0.000000 0.000000 0.000000 0.000000
< 6 7 0.000000 0.000000 0.000000 0.000000 0.000000 0.000000 0.000000 0.000000 0.000000
< 6 8 0.000000 0.000000 0.000000 0.000000 0.000000 0.000000 0.000000 0.000000 0.000000
< 6 9 0.000000 0.000000 0.000000 0.000000 0.000000 0.000000 0.000000 0.000000 0.000000
< 6 10 0.000000 0.000000 0.000000 0.000000 0.000000 0.000000 0.000000 0.000000 0.000000
< 6 11 0.000000 0.000000 0.000000 0.000000 0.000000 0.000000 0.000000 0.000000 0.000000
< 6 12 0.000000 0.000000 0.000000 0.000000 0.000000 0.000000 0.000000 0.000000 0.000000
< 6 13 0.000000 0.000000 0.000000 0.000000 0.000000 0.000000 0.000000 0.000000 0.000000
< 6 14 0.000000 0.000000 0.000000 0.000000 0.000000 0.000000 0.000000 0.000000 0.000000
< 6 15 0.000000 0.000000 0.000000 0.000000 0.000000 0.000000 0.000000 0.000000 0.000000
< 6 16 0.000000 0.000000 0.000000 0.000000 0.000000 0.000000 0.000000 0.000000 0.000000
< 6 17 0.000000 0.000000 0.000000 0.000000 0.000000 0.000000 0.000000 0.000000 0.000000
< 6 18 0.000000 0.000000 0.000000 0.000000 0.000000 0.000000 0.000000 0.000000 0.000000
< 6 19 0.000000 0.000000 0.000000 0.000000 0.000000 0.000000 0.000000 0.000000 0.000000
< 6 20 0.000000 0.000000 0.000000 0.000000 0.000000 0.000000 0.000000 0.000000 0.000000
< 6 21 0.000000 0.000000 0.000000 0.000000 0.000000 0.000000 0.000000 0.000000 0.000000
< 6 22 0.000000 0.000000 0.000000 0.000000 0.000000 0.000000 0.000000 0.000000 0.000000
< 6 23 0.000000 0.000000 0.000000 0.000000 0.000000 0.000000 0.000000 0.000000 0.000000
< 6 24 0.000000 0.000000 0.000000 0.000000 0.000000 0.000000 0.000000 0.000000 0.000000
< 6 25 0.000000 0.000000 0.000000 0.000000 0.000000 0.000000 0.000000 0.000000 0.000000
< 6 26 0.000000 0.000000 0.000000 0.000000 0.000000 0.000000 0.000000 4464665508300037882012464316416.000000 202213400079725756416.000000
< 6 27 0.000000 17751997780891114434040168448.000000 0.000000 0.000000 0.000000 0.000000 1076471704663581786112.000000 54222995869145422704762945536.000000 4611253921894205331462946816.000000
< 6 28 848239731794390695163199488.000000 4630367995381525399818207232.000000 16484886004034416148480.000000 4321258708843473647240740864.000000 0.000000 0.000000 4464665508300037882012464316416.000000 202213400079725756416.000000 0.000000
< 6 29 17751997780891114434040168448.000000 0.000000 0.000000 0.000000 0.000000 1076471704663581786112.000000 54222995869145422704762945536.000000 4611253921894205331462946816.000000 3392958927177562780652797952.000000
---
> 5 27 0.044444 0.011111 0.011111 0.011103 0.011111 0.002778 0.002776 0.002776 0.002778
> 5 28 0.044418 0.011111 0.011105 0.011069 0.011105 0.002778 0.002767 0.002767 0.002778
> 5 29 0.044350 0.011124 0.011087 0.011021 0.011087 0.002781 0.002755 0.002755 0.002781
> 6 0 0.044444 0.011124 0.011111 0.011098 0.011111 0.002781 0.002774 0.002774 0.002781
> 6 1 0.044539 0.011201 0.011135 0.011098 0.011135 0.002800 0.002774 0.002774 0.002800
> 6 2 0.044471 0.011154 0.011118 0.011111 0.011118 0.002788 0.002778 0.002778 0.002788
> 6 3 0.044444 0.011119 0.011111 0.011111 0.011111 0.002780 0.002778 0.002778 0.002780
> 6 4 0.044444 0.011111 0.011111 0.011111 0.011111 0.002778 0.002778 0.002778 0.002778
> 6 5 0.044444 0.011111 0.011111 0.011111 0.011111 0.002778 0.002778 0.002778 0.002778
> 6 6 0.044444 0.011111 0.011111 0.011111 0.011111 0.002778 0.002778 0.002778 0.002778
> 6 7 0.044444 0.011111 0.011111 0.011111 0.011111 0.002778 0.002778 0.002778 0.002778
> 6 8 0.044444 0.011111 0.011111 0.011111 0.011111 0.002778 0.002778 0.002778 0.002778
> 6 9 0.044444 0.011111 0.011111 0.011111 0.011111 0.002778 0.002778 0.002778 0.002778
> 6 10 0.044444 0.011111 0.011111 0.011111 0.011111 0.002778 0.002778 0.002778 0.002778
> 6 11 0.044444 0.011111 0.011111 0.011111 0.011111 0.002778 0.002778 0.002778 0.002778
> 6 12 0.044444 0.011111 0.011111 0.011111 0.011111 0.002778 0.002778 0.002778 0.002778
> 6 13 0.044444 0.011111 0.011111 0.011111 0.011111 0.002778 0.002778 0.002778 0.002778
> 6 14 0.044444 0.011111 0.011111 0.011111 0.011111 0.002778 0.002778 0.002778 0.002778
> 6 15 0.044444 0.011111 0.011111 0.011111 0.011111 0.002778 0.002778 0.002778 0.002778
> 6 16 0.044444 0.011111 0.011111 0.011111 0.011111 0.002778 0.002778 0.002778 0.002778
> 6 17 0.044444 0.011111 0.011111 0.011111 0.011111 0.002778 0.002778 0.002778 0.002778
> 6 18 0.044444 0.011111 0.011111 0.011111 0.011111 0.002778 0.002778 0.002778 0.002778
> 6 19 0.044444 0.011111 0.011111 0.011111 0.011111 0.002778 0.002778 0.002778 0.002778
> 6 20 0.044444 0.011111 0.011111 0.011111 0.011111 0.002778 0.002778 0.002778 0.002778
> 6 21 0.044444 0.011111 0.011111 0.011111 0.011111 0.002778 0.002778 0.002778 0.002778
> 6 22 0.044444 0.011111 0.011111 0.011111 0.011111 0.002778 0.002778 0.002778 0.002778
> 6 23 0.044444 0.011111 0.011111 0.011111 0.011111 0.002778 0.002778 0.002778 0.002778
> 6 24 0.044444 0.011111 0.011111 0.011111 0.011111 0.002778 0.002778 0.002778 0.002778
> 6 25 0.044444 0.011111 0.011111 0.011111 0.011111 0.002778 0.002778 0.002778 0.002778
> 6 26 0.044444 0.011111 0.011111 0.011111 0.011111 0.002778 0.002778 0.002778 0.002778
> 6 27 0.044444 0.011111 0.011111 0.011103 0.011111 0.002778 0.002776 0.002776 0.002778
> 6 28 0.044418 0.011111 0.011105 0.011069 0.011105 0.002778 0.002767 0.002767 0.002778
> 6 29 0.044350 0.011124 0.011087 0.011021 0.011087 0.002781 0.002755 0.002755 0.002781
644,680c644,680
< av velocity: 1.578692754265E-04
< tot density: 6.000027465820E+01
< 0 0 0.000000 0.000000 0.000000 0.000000 0.000000 0.000000 0.000000 0.000000 0.000000
< 0 1 0.000000 0.000000 0.000000 0.000000 0.000000 0.000000 0.000000 0.000000 0.000000
< 0 2 0.000000 0.000000 0.000000 0.000000 0.000000 0.000000 0.000000 0.000000 0.000000
< 0 3 0.000000 0.000000 0.000000 0.000000 0.000000 0.000000 0.000000 0.000000 0.000000
< 0 4 0.000000 0.000000 0.000000 0.000000 0.000000 0.000000 0.000000 0.000000 0.000000
< 0 5 0.000000 0.000000 0.000000 0.000000 0.000000 0.000000 0.000000 0.000000 0.000000
< 0 6 0.000000 0.000000 0.000000 0.000000 0.000000 0.000000 0.000000 0.000000 0.000000
< 0 7 0.000000 0.000000 0.000000 0.000000 0.000000 0.000000 0.000000 0.000000 0.000000
< 0 8 0.000000 0.000000 0.000000 0.000000 0.000000 0.000000 0.000000 0.000000 0.000000
< 0 9 0.000000 0.000000 0.000000 0.000000 0.000000 0.000000 0.000000 0.000000 0.000000
< 0 10 0.000000 0.000000 0.000000 0.000000 0.000000 0.000000 0.000000 0.000000 0.000000
< 0 11 0.000000 0.000000 0.000000 0.000000 0.000000 0.000000 0.000000 0.000000 0.000000
< 0 12 0.000000 0.000000 0.000000 0.000000 0.000000 0.000000 0.000000 0.000000 0.000000
< 0 13 0.000000 0.000000 0.000000 0.000000 0.000000 0.000000 0.000000 0.000000 0.000000
< 0 14 0.000000 0.000000 0.000000 0.000000 0.000000 0.000000 0.000000 0.000000 0.000000
< 0 15 0.000000 0.000000 0.000000 0.000000 0.000000 0.000000 0.000000 0.000000 0.000000
< 0 16 0.000000 0.000000 0.000000 0.000000 0.000000 0.000000 0.000000 0.000000 0.000000
< 0 17 0.000000 0.000000 0.000000 0.000000 0.000000 0.000000 0.000000 0.000000 0.000000
< 0 18 0.000000 0.000000 0.000000 0.000000 0.000000 0.000000 0.000000 0.000000 0.000000
< 0 19 0.000000 0.000000 0.000000 0.000000 0.000000 0.000000 0.000000 0.000000 0.000000
< 0 20 0.000000 0.000000 0.000000 0.000000 0.000000 0.000000 0.000000 0.000000 0.000000
< 0 21 0.000000 0.000000 0.000000 0.000000 0.000000 0.000000 0.000000 0.000000 0.000000
< 0 22 0.000000 0.000000 0.000000 0.000000 0.000000 0.000000 0.000000 0.000000 0.000000
< 0 23 0.000000 0.000000 0.000000 0.000000 0.000000 0.000000 0.000000 0.000000 0.000000
< 0 24 0.000000 0.000000 0.000000 0.000000 0.000000 0.000000 0.000000 0.000000 0.000000
< 0 25 0.000000 0.000000 0.000000 0.000000 0.000000 0.000000 0.000000 0.000000 0.000000
< 0 26 0.000000 0.000000 0.000000 0.000000 0.000000 0.000000 0.000000 0.000000 0.000000
< 0 27 0.000000 0.000000 0.000000 0.000000 0.000000 0.000000 0.000000 0.000000 0.000000
< 0 28 0.000000 0.000000 0.000000 0.000000 0.000000 0.000000 0.000000 0.000000 0.000000
< 0 29 0.000000 0.000000 0.000000 0.000000 0.000000 0.000000 0.000000 0.000000 0.000000
< 1 0 0.044444 0.011111 0.011111 0.011111 0.011111 0.002755 0.002800 0.002782 0.002773
< 1 1 0.044444 0.011111 0.011135 0.011111 0.011141 0.002774 0.002788 0.002778 0.002789
< 1 2 0.044444 0.011111 0.011118 0.011111 0.011126 0.002774 0.002780 0.002777 0.002785
< 1 3 0.044444 0.011111 0.011111 0.011111 0.011111 0.002778 0.002778 0.002778 0.002781
< 1 4 0.044444 0.011111 0.011111 0.011111 0.011111 0.002778 0.002778 0.002778 0.002779
---
> av velocity: 1.614762586541E-04
> tot density: 5.999991226196E+01
> 0 0 0.044444 0.011111 0.011111 0.011111 0.011111 0.002773 0.002783 0.002778 0.002778
> 0 1 0.044444 0.011111 0.011141 0.011111 0.011111 0.002790 0.002777 0.002778 0.002778
> 0 2 0.044444 0.011111 0.011128 0.011111 0.011111 0.002785 0.002777 0.002778 0.002778
> 0 3 0.044444 0.011111 0.011114 0.011111 0.011111 0.002779 0.002778 0.002778 0.002778
> 0 4 0.044444 0.011111 0.011111 0.011111 0.011111 0.002777 0.002778 0.002778 0.002778
> 0 5 0.044444 0.011111 0.011111 0.011111 0.011111 0.002778 0.002778 0.002778 0.002778
> 0 6 0.044444 0.011111 0.011111 0.011111 0.011111 0.002778 0.002778 0.002778 0.002778
> 0 7 0.044444 0.011111 0.011111 0.011111 0.011111 0.002778 0.002778 0.002778 0.002778
> 0 8 0.044444 0.011111 0.011111 0.011111 0.011111 0.002778 0.002778 0.002778 0.002778
> 0 9 0.044444 0.011111 0.011111 0.011111 0.011111 0.002778 0.002778 0.002778 0.002778
> 0 10 0.044444 0.011111 0.011111 0.011111 0.011111 0.002778 0.002778 0.002778 0.002778
> 0 11 0.044444 0.011111 0.011111 0.011111 0.011111 0.002778 0.002778 0.002778 0.002778
> 0 12 0.044444 0.011111 0.011111 0.011111 0.011111 0.002778 0.002778 0.002778 0.002778
> 0 13 0.044444 0.011111 0.011111 0.011111 0.011111 0.002778 0.002778 0.002778 0.002778
> 0 14 0.044444 0.011111 0.011111 0.011111 0.011111 0.002778 0.002778 0.002778 0.002778
> 0 15 0.044444 0.011111 0.011111 0.011111 0.011111 0.002778 0.002778 0.002778 0.002778
> 0 16 0.044444 0.011111 0.011111 0.011111 0.011111 0.002778 0.002778 0.002778 0.002778
> 0 17 0.044444 0.011111 0.011111 0.011111 0.011111 0.002778 0.002778 0.002778 0.002778
> 0 18 0.044444 0.011111 0.011111 0.011111 0.011111 0.002778 0.002778 0.002778 0.002778
> 0 19 0.044444 0.011111 0.011111 0.011111 0.011111 0.002778 0.002778 0.002778 0.002778
> 0 20 0.044444 0.011111 0.011111 0.011111 0.011111 0.002778 0.002778 0.002778 0.002778
> 0 21 0.044444 0.011111 0.011111 0.011111 0.011111 0.002778 0.002778 0.002778 0.002778
> 0 22 0.044444 0.011111 0.011111 0.011111 0.011111 0.002778 0.002778 0.002778 0.002778
> 0 23 0.044444 0.011111 0.011111 0.011111 0.011111 0.002778 0.002778 0.002778 0.002778
> 0 24 0.044444 0.011111 0.011111 0.011111 0.011111 0.002778 0.002778 0.002778 0.002778
> 0 25 0.044444 0.011111 0.011111 0.011111 0.011111 0.002778 0.002778 0.002778 0.002778
> 0 26 0.044444 0.011111 0.011111 0.011111 0.011111 0.002778 0.002778 0.002778 0.002778
> 0 27 0.044444 0.011111 0.011108 0.011111 0.011111 0.002778 0.002777 0.002778 0.002778
> 0 28 0.044444 0.011111 0.011094 0.011111 0.011111 0.002778 0.002771 0.002778 0.002778
> 0 29 0.044444 0.011111 0.011081 0.011111 0.011111 0.002778 0.002765 0.002778 0.002778
> 1 0 0.044444 0.011111 0.011111 0.011111 0.011111 0.002778 0.002778 0.002783 0.002773
> 1 1 0.044444 0.011111 0.011111 0.011111 0.011141 0.002778 0.002778 0.002777 0.002790
> 1 2 0.044444 0.011111 0.011111 0.011111 0.011128 0.002778 0.002778 0.002777 0.002785
> 1 3 0.044444 0.011111 0.011111 0.011111 0.011114 0.002778 0.002778 0.002778 0.002779
> 1 4 0.044444 0.011111 0.011111 0.011111 0.011111 0.002778 0.002778 0.002778 0.002777
702,710c702,710
< 1 26 0.044444 0.011111 0.011111 0.011111 0.011111 0.002778 0.002778 0.002776 0.002778
< 1 27 0.044444 0.011111 0.011111 0.011111 0.011111 0.002778 0.002778 0.002775 0.002778
< 1 28 0.044444 0.011111 0.011105 0.011111 0.011096 0.002776 0.002781 0.002770 0.002778
< 1 29 0.044444 0.011111 0.011087 0.011111 0.011081 0.002767 0.002781 0.002766 0.002777
< 2 0 0.044444 0.011118 0.011111 0.011104 0.011111 0.002764 0.002792 0.002764 0.002792
< 2 1 0.044543 0.011160 0.011145 0.011101 0.011150 0.002779 0.002789 0.002773 0.002795
< 2 2 0.044480 0.011151 0.011118 0.011110 0.011132 0.002777 0.002777 0.002775 0.002790
< 2 3 0.044447 0.011123 0.011111 0.011111 0.011116 0.002778 0.002778 0.002778 0.002782
< 2 4 0.044444 0.011110 0.011111 0.011111 0.011111 0.002778 0.002778 0.002778 0.002781
---
> 1 26 0.044444 0.011111 0.011111 0.011111 0.011111 0.002778 0.002778 0.002778 0.002778
> 1 27 0.044444 0.011111 0.011111 0.011111 0.011108 0.002778 0.002778 0.002777 0.002778
> 1 28 0.044444 0.011111 0.011111 0.011111 0.011094 0.002778 0.002778 0.002771 0.002778
> 1 29 0.044444 0.011111 0.011111 0.011111 0.011081 0.002778 0.002778 0.002765 0.002778
> 2 0 0.044444 0.011118 0.011111 0.011104 0.011111 0.002764 0.002792 0.002768 0.002788
> 2 1 0.044543 0.011157 0.011145 0.011099 0.011142 0.002779 0.002789 0.002774 0.002797
> 2 2 0.044478 0.011152 0.011118 0.011108 0.011129 0.002777 0.002777 0.002776 0.002797
> 2 3 0.044450 0.011123 0.011111 0.011111 0.011115 0.002778 0.002778 0.002778 0.002785
> 2 4 0.044444 0.011113 0.011111 0.011111 0.011111 0.002778 0.002778 0.002778 0.002780
732,740c732,740
< 2 26 0.044444 0.011111 0.011111 0.011112 0.011111 0.002778 0.002778 0.002775 0.002778
< 2 27 0.044442 0.011111 0.011111 0.011100 0.011106 0.002778 0.002778 0.002774 0.002778
< 2 28 0.044409 0.011112 0.011105 0.011071 0.011090 0.002778 0.002779 0.002766 0.002780
< 2 29 0.044346 0.011121 0.011077 0.011062 0.011072 0.002767 0.002776 0.002760 0.002782
< 3 0 0.044444 0.011159 0.011111 0.011063 0.011111 0.002788 0.002767 0.002765 0.002790
< 3 1 0.044569 0.011194 0.011116 0.011092 0.011114 0.002805 0.002772 0.002772 0.002805
< 3 2 0.044496 0.011192 0.011111 0.011101 0.011111 0.002801 0.002778 0.002778 0.002802
< 3 3 0.044464 0.011140 0.011112 0.011111 0.011112 0.002783 0.002778 0.002778 0.002783
< 3 4 0.044444 0.011114 0.011111 0.011111 0.011111 0.002779 0.002778 0.002778 0.002779
---
> 2 26 0.044444 0.011111 0.011111 0.011109 0.011111 0.002778 0.002778 0.002776 0.002778
> 2 27 0.044439 0.011111 0.011111 0.011099 0.011108 0.002778 0.002778 0.002771 0.002778
> 2 28 0.044411 0.011114 0.011105 0.011071 0.011093 0.002778 0.002779 0.002758 0.002780
> 2 29 0.044346 0.011123 0.011077 0.011065 0.011080 0.002767 0.002776 0.002758 0.002782
> 3 0 0.044444 0.011151 0.011111 0.011072 0.011111 0.002788 0.002767 0.002770 0.002786
> 3 1 0.044572 0.011187 0.011117 0.011093 0.011144 0.002804 0.002772 0.002773 0.002796
> 3 2 0.044501 0.011188 0.011112 0.011104 0.011125 0.002801 0.002777 0.002777 0.002796
> 3 3 0.044459 0.011138 0.011111 0.011111 0.011115 0.002784 0.002778 0.002778 0.002783
> 3 4 0.044444 0.011114 0.011111 0.011111 0.011111 0.002779 0.002778 0.002778 0.002778
763,770c763,770
< 3 27 0.044425 0.011111 0.011110 0.011083 0.011110 0.002778 0.002772 0.002772 0.002778
< 3 28 0.044393 0.011121 0.011111 0.011030 0.011111 0.002778 0.002754 0.002754 0.002778
< 3 29 0.044319 0.011130 0.011106 0.011029 0.011108 0.002783 0.002751 0.002751 0.002783
< 4 0 0.044444 0.011117 0.011111 0.011105 0.011111 0.002792 0.002764 0.002800 0.002755
< 4 1 0.044536 0.011160 0.011150 0.011101 0.011135 0.002795 0.002773 0.002788 0.002774
< 4 2 0.044480 0.011147 0.011132 0.011110 0.011118 0.002790 0.002775 0.002780 0.002774
< 4 3 0.044447 0.011123 0.011116 0.011111 0.011111 0.002782 0.002778 0.002778 0.002778
< 4 4 0.044444 0.011110 0.011111 0.011111 0.011111 0.002781 0.002778 0.002778 0.002778
---
> 3 27 0.044430 0.011111 0.011111 0.011085 0.011107 0.002778 0.002772 0.002772 0.002778
> 3 28 0.044387 0.011119 0.011110 0.011035 0.011097 0.002779 0.002754 0.002760 0.002778
> 3 29 0.044316 0.011130 0.011106 0.011036 0.011078 0.002783 0.002752 0.002760 0.002782
> 4 0 0.044444 0.011142 0.011111 0.011081 0.011111 0.002789 0.002766 0.002770 0.002786
> 4 1 0.044575 0.011183 0.011151 0.011095 0.011144 0.002793 0.002773 0.002773 0.002795
> 4 2 0.044509 0.011183 0.011130 0.011107 0.011127 0.002788 0.002776 0.002777 0.002796
> 4 3 0.044452 0.011135 0.011115 0.011111 0.011114 0.002781 0.002778 0.002778 0.002784
> 4 4 0.044444 0.011112 0.011111 0.011111 0.011111 0.002780 0.002778 0.002778 0.002779
792,800c792,800
< 4 26 0.044444 0.011111 0.011111 0.011112 0.011111 0.002778 0.002775 0.002778 0.002778
< 4 27 0.044442 0.011111 0.011106 0.011100 0.011111 0.002778 0.002774 0.002778 0.002778
< 4 28 0.044409 0.011112 0.011090 0.011075 0.011105 0.002780 0.002766 0.002781 0.002776
< 4 29 0.044353 0.011121 0.011072 0.011062 0.011087 0.002782 0.002760 0.002781 0.002767
< 5 0 0.044444 0.011131 0.011111 0.011092 0.011111 0.002772 0.002784 0.002769 0.002786
< 5 1 0.044547 0.011170 0.011144 0.011100 0.011128 0.002789 0.002778 0.002778 0.002792
< 5 2 0.044480 0.011157 0.011126 0.011110 0.011111 0.002785 0.002777 0.002778 0.002783
< 5 3 0.044447 0.011123 0.011111 0.011111 0.011111 0.002781 0.002778 0.002778 0.002778
< 5 4 0.044444 0.011111 0.011111 0.011111 0.011111 0.002779 0.002778 0.002778 0.002778
---
> 4 26 0.044444 0.011111 0.011111 0.011111 0.011111 0.002778 0.002776 0.002777 0.002778
> 4 27 0.044437 0.011111 0.011107 0.011088 0.011109 0.002778 0.002775 0.002772 0.002778
> 4 28 0.044379 0.011115 0.011092 0.011040 0.011096 0.002780 0.002768 0.002760 0.002779
> 4 29 0.044313 0.011127 0.011071 0.011040 0.011078 0.002783 0.002762 0.002761 0.002782
> 5 0 0.044444 0.011142 0.011111 0.011080 0.011111 0.002786 0.002770 0.002770 0.002786
> 5 1 0.044575 0.011180 0.011144 0.011093 0.011144 0.002794 0.002774 0.002773 0.002795
> 5 2 0.044507 0.011183 0.011125 0.011106 0.011127 0.002796 0.002776 0.002777 0.002796
> 5 3 0.044455 0.011136 0.011111 0.011111 0.011114 0.002786 0.002778 0.002778 0.002784
> 5 4 0.044444 0.011114 0.011111 0.011111 0.011111 0.002780 0.002778 0.002778 0.002779
822,855c822,855
< 5 26 0.044444 0.011111 0.011111 0.011112 0.011111 0.002778 0.002776 0.002778 0.002778
< 5 27 0.044442 0.011111 0.011111 0.011099 0.011111 0.002778 0.002775 0.002778 0.002778
< 5 28 0.044409 0.011112 0.011096 0.011065 0.011111 0.002778 0.002770 0.002772 0.002778
< 5 29 0.044341 0.011123 0.011078 0.011053 0.011094 0.002777 0.002766 0.002764 0.002778
< 6 0 0.000000 0.000000 0.000000 0.000000 0.000000 0.000000 0.000000 0.000000 0.000000
< 6 1 0.000000 0.000000 0.000000 0.000000 0.000000 0.000000 0.000000 0.000000 0.000000
< 6 2 0.000000 0.000000 0.000000 0.000000 0.000000 0.000000 0.000000 0.000000 0.000000
< 6 3 0.000000 0.000000 0.000000 0.000000 0.000000 0.000000 0.000000 0.000000 0.000000
< 6 4 0.000000 0.000000 0.000000 0.000000 0.000000 0.000000 0.000000 0.000000 0.000000
< 6 5 0.000000 0.000000 0.000000 0.000000 0.000000 0.000000 0.000000 0.000000 0.000000
< 6 6 0.000000 0.000000 0.000000 0.000000 0.000000 0.000000 0.000000 0.000000 0.000000
< 6 7 0.000000 0.000000 0.000000 0.000000 0.000000 0.000000 0.000000 0.000000 0.000000
< 6 8 0.000000 0.000000 0.000000 0.000000 0.000000 0.000000 0.000000 0.000000 0.000000
< 6 9 0.000000 0.000000 0.000000 0.000000 0.000000 0.000000 0.000000 0.000000 0.000000
< 6 10 0.000000 0.000000 0.000000 0.000000 0.000000 0.000000 0.000000 0.000000 0.000000
< 6 11 0.000000 0.000000 0.000000 0.000000 0.000000 0.000000 0.000000 0.000000 0.000000
< 6 12 0.000000 0.000000 0.000000 0.000000 0.000000 0.000000 0.000000 0.000000 0.000000
< 6 13 0.000000 0.000000 0.000000 0.000000 0.000000 0.000000 0.000000 0.000000 0.000000
< 6 14 0.000000 0.000000 0.000000 0.000000 0.000000 0.000000 0.000000 0.000000 0.000000
< 6 15 0.000000 0.000000 0.000000 0.000000 0.000000 0.000000 0.000000 0.000000 0.000000
< 6 16 0.000000 0.000000 0.000000 0.000000 0.000000 0.000000 0.000000 0.000000 0.000000
< 6 17 0.000000 0.000000 0.000000 0.000000 0.000000 0.000000 0.000000 0.000000 0.000000
< 6 18 0.000000 0.000000 0.000000 0.000000 0.000000 0.000000 0.000000 0.000000 0.000000
< 6 19 0.000000 0.000000 0.000000 0.000000 0.000000 0.000000 0.000000 0.000000 0.000000
< 6 20 0.000000 0.000000 0.000000 0.000000 0.000000 0.000000 0.000000 0.000000 0.000000
< 6 21 0.000000 0.000000 0.000000 0.000000 0.000000 0.000000 0.000000 0.000000 0.000000
< 6 22 0.000000 0.000000 0.000000 0.000000 0.000000 0.000000 0.000000 0.000000 0.000000
< 6 23 0.000000 0.000000 0.000000 0.000000 0.000000 0.000000 0.000000 0.000000 0.000000
< 6 24 0.000000 0.000000 0.000000 0.000000 0.000000 0.000000 0.000000 0.000000 0.000000
< 6 25 0.000000 0.000000 0.000000 0.000000 0.000000 0.000000 0.000000 0.000000 0.000000
< 6 26 0.000000 0.000000 0.000000 0.000000 0.000000 0.000000 0.000000 4464665508300037882012464316416.000000 202213400079725756416.000000
< 6 27 0.000000 17751997780891114434040168448.000000 0.000000 0.000000 0.000000 0.000000 1076471704663581786112.000000 54222995869145422704762945536.000000 4611253921894205331462946816.000000
< 6 28 848239731794390695163199488.000000 4630367995381525399818207232.000000 16484886004034416148480.000000 4321258708843473647240740864.000000 0.000000 0.000000 4464665508300037882012464316416.000000 202213400079725756416.000000 0.000000
< 6 29 17751997780891114434040168448.000000 0.000000 0.000000 0.000000 0.000000 1076471704663581786112.000000 54222995869145422704762945536.000000 4611253921894205331462946816.000000 3392958927177562780652797952.000000
---
> 5 26 0.044444 0.011111 0.011111 0.011108 0.011111 0.002778 0.002775 0.002777 0.002778
> 5 27 0.044434 0.011111 0.011111 0.011087 0.011109 0.002778 0.002769 0.002772 0.002778
> 5 28 0.044382 0.011116 0.011098 0.011040 0.011096 0.002779 0.002760 0.002760 0.002779
> 5 29 0.044313 0.011129 0.011078 0.011042 0.011078 0.002781 0.002762 0.002761 0.002782
> 6 0 0.044444 0.011142 0.011111 0.011080 0.011111 0.002786 0.002770 0.002770 0.002786
> 6 1 0.044575 0.011180 0.011144 0.011093 0.011144 0.002795 0.002773 0.002773 0.002795
> 6 2 0.044507 0.011183 0.011127 0.011106 0.011127 0.002796 0.002777 0.002777 0.002796
> 6 3 0.044455 0.011136 0.011114 0.011111 0.011114 0.002784 0.002778 0.002778 0.002784
> 6 4 0.044444 0.011114 0.011111 0.011111 0.011111 0.002779 0.002778 0.002778 0.002779
> 6 5 0.044444 0.011111 0.011111 0.011111 0.011111 0.002778 0.002778 0.002778 0.002778
> 6 6 0.044444 0.011111 0.011111 0.011111 0.011111 0.002778 0.002778 0.002778 0.002778
> 6 7 0.044444 0.011111 0.011111 0.011111 0.011111 0.002778 0.002778 0.002778 0.002778
> 6 8 0.044444 0.011111 0.011111 0.011111 0.011111 0.002778 0.002778 0.002778 0.002778
> 6 9 0.044444 0.011111 0.011111 0.011111 0.011111 0.002778 0.002778 0.002778 0.002778
> 6 10 0.044444 0.011111 0.011111 0.011111 0.011111 0.002778 0.002778 0.002778 0.002778
> 6 11 0.044444 0.011111 0.011111 0.011111 0.011111 0.002778 0.002778 0.002778 0.002778
> 6 12 0.044444 0.011111 0.011111 0.011111 0.011111 0.002778 0.002778 0.002778 0.002778
> 6 13 0.044444 0.011111 0.011111 0.011111 0.011111 0.002778 0.002778 0.002778 0.002778
> 6 14 0.044444 0.011111 0.011111 0.011111 0.011111 0.002778 0.002778 0.002778 0.002778
> 6 15 0.044444 0.011111 0.011111 0.011111 0.011111 0.002778 0.002778 0.002778 0.002778
> 6 16 0.044444 0.011111 0.011111 0.011111 0.011111 0.002778 0.002778 0.002778 0.002778
> 6 17 0.044444 0.011111 0.011111 0.011111 0.011111 0.002778 0.002778 0.002778 0.002778
> 6 18 0.044444 0.011111 0.011111 0.011111 0.011111 0.002778 0.002778 0.002778 0.002778
> 6 19 0.044444 0.011111 0.011111 0.011111 0.011111 0.002778 0.002778 0.002778 0.002778
> 6 20 0.044444 0.011111 0.011111 0.011111 0.011111 0.002778 0.002778 0.002778 0.002778
> 6 21 0.044444 0.011111 0.011111 0.011111 0.011111 0.002778 0.002778 0.002778 0.002778
> 6 22 0.044444 0.011111 0.011111 0.011111 0.011111 0.002778 0.002778 0.002778 0.002778
> 6 23 0.044444 0.011111 0.011111 0.011111 0.011111 0.002778 0.002778 0.002778 0.002778
> 6 24 0.044444 0.011111 0.011111 0.011111 0.011111 0.002778 0.002778 0.002778 0.002778
> 6 25 0.044444 0.011111 0.011111 0.011111 0.011111 0.002778 0.002778 0.002778 0.002778
> 6 26 0.044444 0.011111 0.011111 0.011108 0.011111 0.002778 0.002777 0.002777 0.002778
> 6 27 0.044434 0.011111 0.011109 0.011087 0.011109 0.002778 0.002772 0.002772 0.002778
> 6 28 0.044382 0.011116 0.011096 0.011040 0.011096 0.002779 0.002760 0.002760 0.002779
> 6 29 0.044313 0.011129 0.011078 0.011042 0.011078 0.002782 0.002761 0.002761 0.002782
857,894c857,894
< av velocity: 2.078834804706E-04
< tot density: 6.000025177002E+01
< 0 0 0.000000 0.000000 0.000000 0.000000 0.000000 0.000000 0.000000 0.000000 0.000000
< 0 1 0.000000 0.000000 0.000000 0.000000 0.000000 0.000000 0.000000 0.000000 0.000000
< 0 2 0.000000 0.000000 0.000000 0.000000 0.000000 0.000000 0.000000 0.000000 0.000000
< 0 3 0.000000 0.000000 0.000000 0.000000 0.000000 0.000000 0.000000 0.000000 0.000000
< 0 4 0.000000 0.000000 0.000000 0.000000 0.000000 0.000000 0.000000 0.000000 0.000000
< 0 5 0.000000 0.000000 0.000000 0.000000 0.000000 0.000000 0.000000 0.000000 0.000000
< 0 6 0.000000 0.000000 0.000000 0.000000 0.000000 0.000000 0.000000 0.000000 0.000000
< 0 7 0.000000 0.000000 0.000000 0.000000 0.000000 0.000000 0.000000 0.000000 0.000000
< 0 8 0.000000 0.000000 0.000000 0.000000 0.000000 0.000000 0.000000 0.000000 0.000000
< 0 9 0.000000 0.000000 0.000000 0.000000 0.000000 0.000000 0.000000 0.000000 0.000000
< 0 10 0.000000 0.000000 0.000000 0.000000 0.000000 0.000000 0.000000 0.000000 0.000000
< 0 11 0.000000 0.000000 0.000000 0.000000 0.000000 0.000000 0.000000 0.000000 0.000000
< 0 12 0.000000 0.000000 0.000000 0.000000 0.000000 0.000000 0.000000 0.000000 0.000000
< 0 13 0.000000 0.000000 0.000000 0.000000 0.000000 0.000000 0.000000 0.000000 0.000000
< 0 14 0.000000 0.000000 0.000000 0.000000 0.000000 0.000000 0.000000 0.000000 0.000000
< 0 15 0.000000 0.000000 0.000000 0.000000 0.000000 0.000000 0.000000 0.000000 0.000000
< 0 16 0.000000 0.000000 0.000000 0.000000 0.000000 0.000000 0.000000 0.000000 0.000000
< 0 17 0.000000 0.000000 0.000000 0.000000 0.000000 0.000000 0.000000 0.000000 0.000000
< 0 18 0.000000 0.000000 0.000000 0.000000 0.000000 0.000000 0.000000 0.000000 0.000000
< 0 19 0.000000 0.000000 0.000000 0.000000 0.000000 0.000000 0.000000 0.000000 0.000000
< 0 20 0.000000 0.000000 0.000000 0.000000 0.000000 0.000000 0.000000 0.000000 0.000000
< 0 21 0.000000 0.000000 0.000000 0.000000 0.000000 0.000000 0.000000 0.000000 0.000000
< 0 22 0.000000 0.000000 0.000000 0.000000 0.000000 0.000000 0.000000 0.000000 0.000000
< 0 23 0.000000 0.000000 0.000000 0.000000 0.000000 0.000000 0.000000 0.000000 0.000000
< 0 24 0.000000 0.000000 0.000000 0.000000 0.000000 0.000000 0.000000 0.000000 0.000000
< 0 25 0.000000 0.000000 0.000000 0.000000 0.000000 0.000000 0.000000 0.000000 0.000000
< 0 26 0.000000 0.000000 0.000000 0.000000 0.000000 0.000000 0.000000 0.000000 0.000000
< 0 27 0.000000 0.000000 0.000000 0.000000 0.000000 0.000000 0.000000 0.000000 0.000000
< 0 28 0.000000 0.000000 0.000000 0.000000 0.000000 0.000000 0.000000 0.000000 0.000000
< 0 29 0.000000 0.000000 0.000000 0.000000 0.000000 0.000000 0.000000 0.000000 0.000000
< 1 0 0.044444 0.011111 0.011111 0.011111 0.011111 0.002761 0.002795 0.002784 0.002772
< 1 1 0.044444 0.011111 0.011144 0.011111 0.011130 0.002770 0.002796 0.002781 0.002782
< 1 2 0.044444 0.011111 0.011127 0.011111 0.011131 0.002773 0.002784 0.002778 0.002787
< 1 3 0.044444 0.011111 0.011114 0.011111 0.011117 0.002777 0.002779 0.002778 0.002786
< 1 4 0.044444 0.011111 0.011111 0.011111 0.011113 0.002778 0.002778 0.002778 0.002779
< 1 5 0.044444 0.011111 0.011111 0.011111 0.011111 0.002778 0.002778 0.002778 0.002776
---
> av velocity: 2.147674968001E-04
> tot density: 5.999983215332E+01
> 0 0 0.044444 0.011111 0.011111 0.011111 0.011111 0.002774 0.002782 0.002778 0.002778
> 0 1 0.044444 0.011111 0.011131 0.011111 0.011111 0.002784 0.002780 0.002778 0.002778
> 0 2 0.044444 0.011111 0.011138 0.011111 0.011111 0.002784 0.002778 0.002778 0.002778
> 0 3 0.044444 0.011111 0.011120 0.011111 0.011111 0.002781 0.002778 0.002778 0.002778
> 0 4 0.044444 0.011111 0.011113 0.011111 0.011111 0.002778 0.002778 0.002778 0.002778
> 0 5 0.044444 0.011111 0.011111 0.011111 0.011111 0.002777 0.002778 0.002778 0.002778
> 0 6 0.044444 0.011111 0.011111 0.011111 0.011111 0.002778 0.002778 0.002778 0.002778
> 0 7 0.044444 0.011111 0.011111 0.011111 0.011111 0.002778 0.002778 0.002778 0.002778
> 0 8 0.044444 0.011111 0.011111 0.011111 0.011111 0.002778 0.002778 0.002778 0.002778
> 0 9 0.044444 0.011111 0.011111 0.011111 0.011111 0.002778 0.002778 0.002778 0.002778
> 0 10 0.044444 0.011111 0.011111 0.011111 0.011111 0.002778 0.002778 0.002778 0.002778
> 0 11 0.044444 0.011111 0.011111 0.011111 0.011111 0.002778 0.002778 0.002778 0.002778
> 0 12 0.044444 0.011111 0.011111 0.011111 0.011111 0.002778 0.002778 0.002778 0.002778
> 0 13 0.044444 0.011111 0.011111 0.011111 0.011111 0.002778 0.002778 0.002778 0.002778
> 0 14 0.044444 0.011111 0.011111 0.011111 0.011111 0.002778 0.002778 0.002778 0.002778
> 0 15 0.044444 0.011111 0.011111 0.011111 0.011111 0.002778 0.002778 0.002778 0.002778
> 0 16 0.044444 0.011111 0.011111 0.011111 0.011111 0.002778 0.002778 0.002778 0.002778
> 0 17 0.044444 0.011111 0.011111 0.011111 0.011111 0.002778 0.002778 0.002778 0.002778
> 0 18 0.044444 0.011111 0.011111 0.011111 0.011111 0.002778 0.002778 0.002778 0.002778
> 0 19 0.044444 0.011111 0.011111 0.011111 0.011111 0.002778 0.002778 0.002778 0.002778
> 0 20 0.044444 0.011111 0.011111 0.011111 0.011111 0.002778 0.002778 0.002778 0.002778
> 0 21 0.044444 0.011111 0.011111 0.011111 0.011111 0.002778 0.002778 0.002778 0.002778
> 0 22 0.044444 0.011111 0.011111 0.011111 0.011111 0.002778 0.002778 0.002778 0.002778
> 0 23 0.044444 0.011111 0.011111 0.011111 0.011111 0.002778 0.002778 0.002778 0.002778
> 0 24 0.044444 0.011111 0.011111 0.011111 0.011111 0.002778 0.002778 0.002778 0.002778
> 0 25 0.044444 0.011111 0.011111 0.011111 0.011111 0.002778 0.002778 0.002778 0.002778
> 0 26 0.044444 0.011111 0.011109 0.011111 0.011111 0.002778 0.002778 0.002778 0.002778
> 0 27 0.044444 0.011111 0.011102 0.011111 0.011111 0.002778 0.002774 0.002778 0.002778
> 0 28 0.044444 0.011111 0.011085 0.011111 0.011111 0.002778 0.002772 0.002778 0.002778
> 0 29 0.044444 0.011111 0.011091 0.011111 0.011111 0.002776 0.002771 0.002778 0.002778
> 1 0 0.044444 0.011111 0.011111 0.011111 0.011111 0.002778 0.002778 0.002782 0.002774
> 1 1 0.044444 0.011111 0.011111 0.011111 0.011131 0.002778 0.002778 0.002780 0.002784
> 1 2 0.044444 0.011111 0.011111 0.011111 0.011138 0.002778 0.002778 0.002778 0.002784
> 1 3 0.044444 0.011111 0.011111 0.011111 0.011120 0.002778 0.002778 0.002778 0.002781
> 1 4 0.044444 0.011111 0.011111 0.011111 0.011113 0.002778 0.002778 0.002778 0.002778
> 1 5 0.044444 0.011111 0.011111 0.011111 0.011111 0.002778 0.002778 0.002778 0.002777
914,924c914,924
< 1 25 0.044444 0.011111 0.011111 0.011111 0.011111 0.002778 0.002778 0.002779 0.002778
< 1 26 0.044444 0.011111 0.011111 0.011111 0.011109 0.002778 0.002778 0.002776 0.002778
< 1 27 0.044444 0.011111 0.011109 0.011111 0.011105 0.002777 0.002779 0.002770 0.002778
< 1 28 0.044444 0.011111 0.011096 0.011111 0.011091 0.002772 0.002782 0.002769 0.002778
< 1 29 0.044444 0.011111 0.011078 0.011111 0.011092 0.002760 0.002786 0.002774 0.002775
< 2 0 0.044445 0.011098 0.011111 0.011124 0.011111 0.002766 0.002789 0.002769 0.002787
< 2 1 0.044554 0.011170 0.011141 0.011101 0.011156 0.002782 0.002785 0.002765 0.002803
< 2 2 0.044504 0.011162 0.011126 0.011106 0.011146 0.002778 0.002781 0.002775 0.002792
< 2 3 0.044461 0.011134 0.011111 0.011110 0.011123 0.002777 0.002779 0.002777 0.002788
< 2 4 0.044446 0.011115 0.011111 0.011111 0.011112 0.002778 0.002778 0.002778 0.002782
< 2 5 0.044444 0.011114 0.011111 0.011111 0.011111 0.002778 0.002778 0.002778 0.002778
---
> 1 25 0.044444 0.011111 0.011111 0.011111 0.011111 0.002778 0.002778 0.002778 0.002778
> 1 26 0.044444 0.011111 0.011111 0.011111 0.011109 0.002778 0.002778 0.002778 0.002778
> 1 27 0.044444 0.011111 0.011111 0.011111 0.011102 0.002778 0.002778 0.002774 0.002778
> 1 28 0.044444 0.011111 0.011111 0.011111 0.011085 0.002778 0.002778 0.002772 0.002778
> 1 29 0.044444 0.011111 0.011111 0.011111 0.011091 0.002778 0.002778 0.002771 0.002776
> 2 0 0.044445 0.011099 0.011111 0.011123 0.011111 0.002765 0.002790 0.002775 0.002780
> 2 1 0.044546 0.011165 0.011141 0.011097 0.011148 0.002783 0.002785 0.002769 0.002803
> 2 2 0.044508 0.011163 0.011128 0.011105 0.011141 0.002777 0.002779 0.002775 0.002802
> 2 3 0.044463 0.011139 0.011114 0.011110 0.011122 0.002777 0.002777 0.002777 0.002793
> 2 4 0.044448 0.011118 0.011111 0.011111 0.011112 0.002778 0.002778 0.002778 0.002782
> 2 5 0.044444 0.011113 0.011111 0.011111 0.011111 0.002778 0.002778 0.002778 0.002778
944,953c944,953
< 2 25 0.044444 0.011111 0.011111 0.011109 0.011111 0.002778 0.002778 0.002777 0.002778
< 2 26 0.044443 0.011111 0.011111 0.011107 0.011110 0.002778 0.002778 0.002773 0.002778
< 2 27 0.044428 0.011112 0.011111 0.011088 0.011100 0.002776 0.002778 0.002768 0.002778
< 2 28 0.044384 0.011116 0.011096 0.011060 0.011076 0.002775 0.002777 0.002763 0.002781
< 2 29 0.044334 0.011122 0.011081 0.011053 0.011066 0.002770 0.002773 0.002752 0.002790
< 3 0 0.044444 0.011148 0.011111 0.011074 0.011111 0.002787 0.002769 0.002766 0.002789
< 3 1 0.044535 0.011213 0.011128 0.011069 0.011122 0.002806 0.002771 0.002771 0.002810
< 3 2 0.044540 0.011193 0.011113 0.011100 0.011112 0.002799 0.002775 0.002775 0.002799
< 3 3 0.044478 0.011163 0.011110 0.011109 0.011110 0.002789 0.002777 0.002777 0.002789
< 3 4 0.044448 0.011124 0.011110 0.011111 0.011110 0.002780 0.002778 0.002778 0.002780
---
> 2 25 0.044444 0.011111 0.011111 0.011110 0.011111 0.002778 0.002778 0.002777 0.002778
> 2 26 0.044441 0.011111 0.011111 0.011104 0.011110 0.002778 0.002778 0.002773 0.002778
> 2 27 0.044426 0.011113 0.011108 0.011083 0.011101 0.002778 0.002778 0.002763 0.002778
> 2 28 0.044381 0.011117 0.011094 0.011060 0.011081 0.002777 0.002778 0.002754 0.002780
> 2 29 0.044342 0.011126 0.011081 0.011057 0.011074 0.002771 0.002773 0.002753 0.002786
> 3 0 0.044445 0.011134 0.011111 0.011089 0.011111 0.002787 0.002769 0.002775 0.002780
> 3 1 0.044547 0.011205 0.011129 0.011077 0.011138 0.002805 0.002769 0.002773 0.002800
> 3 2 0.044545 0.011191 0.011110 0.011099 0.011141 0.002799 0.002775 0.002775 0.002797
> 3 3 0.044478 0.011162 0.011111 0.011109 0.011120 0.002789 0.002777 0.002777 0.002790
> 3 4 0.044448 0.011124 0.011111 0.011111 0.011111 0.002781 0.002778 0.002778 0.002780
974,984c974,984
< 3 25 0.044444 0.011111 0.011111 0.011110 0.011111 0.002778 0.002778 0.002778 0.002778
< 3 26 0.044440 0.011111 0.011113 0.011099 0.011113 0.002778 0.002776 0.002776 0.002778
< 3 27 0.044411 0.011113 0.011112 0.011060 0.011112 0.002778 0.002767 0.002766 0.002778
< 3 28 0.044349 0.011123 0.011109 0.011030 0.011110 0.002780 0.002757 0.002757 0.002780
< 3 29 0.044353 0.011153 0.011095 0.011009 0.011100 0.002784 0.002750 0.002746 0.002785
< 4 0 0.044445 0.011100 0.011111 0.011122 0.011111 0.002786 0.002769 0.002795 0.002761
< 4 1 0.044542 0.011159 0.011157 0.011106 0.011144 0.002805 0.002765 0.002796 0.002770
< 4 2 0.044501 0.011155 0.011146 0.011106 0.011127 0.002793 0.002775 0.002784 0.002773
< 4 3 0.044461 0.011131 0.011123 0.011110 0.011114 0.002788 0.002777 0.002779 0.002777
< 4 4 0.044446 0.011115 0.011112 0.011111 0.011111 0.002782 0.002778 0.002778 0.002778
< 4 5 0.044444 0.011114 0.011111 0.011111 0.011111 0.002778 0.002778 0.002778 0.002778
---
> 3 25 0.044444 0.011111 0.011111 0.011110 0.011111 0.002778 0.002777 0.002778 0.002778
> 3 26 0.044441 0.011111 0.011112 0.011099 0.011111 0.002778 0.002775 0.002775 0.002778
> 3 27 0.044411 0.011113 0.011112 0.011061 0.011103 0.002778 0.002766 0.002766 0.002778
> 3 28 0.044344 0.011123 0.011112 0.011031 0.011082 0.002781 0.002756 0.002759 0.002780
> 3 29 0.044341 0.011146 0.011094 0.011018 0.011084 0.002786 0.002751 0.002755 0.002782
> 4 0 0.044445 0.011120 0.011111 0.011103 0.011111 0.002786 0.002770 0.002776 0.002780
> 4 1 0.044565 0.011202 0.011147 0.011088 0.011139 0.002801 0.002767 0.002771 0.002800
> 4 2 0.044547 0.011188 0.011142 0.011100 0.011138 0.002789 0.002774 0.002774 0.002797
> 4 3 0.044477 0.011156 0.011121 0.011110 0.011120 0.002786 0.002777 0.002777 0.002791
> 4 4 0.044447 0.011121 0.011112 0.011111 0.011111 0.002781 0.002778 0.002778 0.002781
> 4 5 0.044444 0.011113 0.011111 0.011111 0.011111 0.002778 0.002778 0.002778 0.002778
1004,1014c1004,1014
< 4 25 0.044444 0.011111 0.011111 0.011109 0.011111 0.002778 0.002777 0.002778 0.002778
< 4 26 0.044443 0.011111 0.011110 0.011107 0.011111 0.002778 0.002773 0.002778 0.002778
< 4 27 0.044428 0.011112 0.011100 0.011091 0.011109 0.002778 0.002768 0.002779 0.002777
< 4 28 0.044388 0.011116 0.011077 0.011068 0.011096 0.002781 0.002762 0.002782 0.002772
< 4 29 0.044347 0.011117 0.011065 0.011064 0.011078 0.002790 0.002751 0.002786 0.002760
< 5 0 0.044444 0.011113 0.011111 0.011109 0.011111 0.002770 0.002786 0.002774 0.002781
< 5 1 0.044542 0.011177 0.011135 0.011097 0.011135 0.002779 0.002782 0.002774 0.002800
< 5 2 0.044503 0.011166 0.011130 0.011105 0.011118 0.002787 0.002778 0.002778 0.002788
< 5 3 0.044457 0.011132 0.011117 0.011111 0.011111 0.002784 0.002778 0.002778 0.002780
< 5 4 0.044445 0.011114 0.011113 0.011111 0.011111 0.002779 0.002778 0.002778 0.002778
< 5 5 0.044444 0.011112 0.011111 0.011111 0.011111 0.002776 0.002778 0.002778 0.002778
---
> 4 25 0.044444 0.011111 0.011111 0.011109 0.011111 0.002778 0.002778 0.002777 0.002778
> 4 26 0.044442 0.011111 0.011110 0.011101 0.011111 0.002778 0.002775 0.002774 0.002778
> 4 27 0.044412 0.011112 0.011101 0.011067 0.011102 0.002778 0.002770 0.002765 0.002779
> 4 28 0.044342 0.011122 0.011080 0.011034 0.011084 0.002781 0.002767 0.002759 0.002781
> 4 29 0.044324 0.011134 0.011075 0.011020 0.011083 0.002788 0.002755 0.002756 0.002784
> 5 0 0.044445 0.011119 0.011111 0.011104 0.011111 0.002778 0.002777 0.002776 0.002780
> 5 1 0.044557 0.011198 0.011138 0.011083 0.011139 0.002797 0.002772 0.002771 0.002799
> 5 2 0.044549 0.011187 0.011131 0.011098 0.011138 0.002800 0.002775 0.002775 0.002797
> 5 3 0.044478 0.011161 0.011116 0.011109 0.011120 0.002795 0.002778 0.002777 0.002790
> 5 4 0.044450 0.011125 0.011112 0.011111 0.011112 0.002782 0.002778 0.002778 0.002781
> 5 5 0.044444 0.011114 0.011111 0.011111 0.011111 0.002777 0.002778 0.002778 0.002778
1034,1068c1034,1068
< 5 25 0.044444 0.011111 0.011111 0.011110 0.011111 0.002778 0.002779 0.002778 0.002778
< 5 26 0.044444 0.011111 0.011109 0.011108 0.011111 0.002778 0.002776 0.002778 0.002778
< 5 27 0.044432 0.011111 0.011105 0.011091 0.011111 0.002778 0.002771 0.002776 0.002778
< 5 28 0.044386 0.011117 0.011092 0.011056 0.011105 0.002778 0.002768 0.002767 0.002778
< 5 29 0.044346 0.011125 0.011087 0.011045 0.011087 0.002773 0.002777 0.002755 0.002781
< 6 0 0.000000 0.000000 0.000000 0.000000 0.000000 0.000000 0.000000 0.000000 0.000000
< 6 1 0.000000 0.000000 0.000000 0.000000 0.000000 0.000000 0.000000 0.000000 0.000000
< 6 2 0.000000 0.000000 0.000000 0.000000 0.000000 0.000000 0.000000 0.000000 0.000000
< 6 3 0.000000 0.000000 0.000000 0.000000 0.000000 0.000000 0.000000 0.000000 0.000000
< 6 4 0.000000 0.000000 0.000000 0.000000 0.000000 0.000000 0.000000 0.000000 0.000000
< 6 5 0.000000 0.000000 0.000000 0.000000 0.000000 0.000000 0.000000 0.000000 0.000000
< 6 6 0.000000 0.000000 0.000000 0.000000 0.000000 0.000000 0.000000 0.000000 0.000000
< 6 7 0.000000 0.000000 0.000000 0.000000 0.000000 0.000000 0.000000 0.000000 0.000000
< 6 8 0.000000 0.000000 0.000000 0.000000 0.000000 0.000000 0.000000 0.000000 0.000000
< 6 9 0.000000 0.000000 0.000000 0.000000 0.000000 0.000000 0.000000 0.000000 0.000000
< 6 10 0.000000 0.000000 0.000000 0.000000 0.000000 0.000000 0.000000 0.000000 0.000000
< 6 11 0.000000 0.000000 0.000000 0.000000 0.000000 0.000000 0.000000 0.000000 0.000000
< 6 12 0.000000 0.000000 0.000000 0.000000 0.000000 0.000000 0.000000 0.000000 0.000000
< 6 13 0.000000 0.000000 0.000000 0.000000 0.000000 0.000000 0.000000 0.000000 0.000000
< 6 14 0.000000 0.000000 0.000000 0.000000 0.000000 0.000000 0.000000 0.000000 0.000000
< 6 15 0.000000 0.000000 0.000000 0.000000 0.000000 0.000000 0.000000 0.000000 0.000000
< 6 16 0.000000 0.000000 0.000000 0.000000 0.000000 0.000000 0.000000 0.000000 0.000000
< 6 17 0.000000 0.000000 0.000000 0.000000 0.000000 0.000000 0.000000 0.000000 0.000000
< 6 18 0.000000 0.000000 0.000000 0.000000 0.000000 0.000000 0.000000 0.000000 0.000000
< 6 19 0.000000 0.000000 0.000000 0.000000 0.000000 0.000000 0.000000 0.000000 0.000000
< 6 20 0.000000 0.000000 0.000000 0.000000 0.000000 0.000000 0.000000 0.000000 0.000000
< 6 21 0.000000 0.000000 0.000000 0.000000 0.000000 0.000000 0.000000 0.000000 0.000000
< 6 22 0.000000 0.000000 0.000000 0.000000 0.000000 0.000000 0.000000 0.000000 0.000000
< 6 23 0.000000 0.000000 0.000000 0.000000 0.000000 0.000000 0.000000 0.000000 0.000000
< 6 24 0.000000 0.000000 0.000000 0.000000 0.000000 0.000000 0.000000 0.000000 0.000000
< 6 25 0.000000 0.000000 0.000000 0.000000 0.000000 0.000000 0.000000 0.000000 0.000000
< 6 26 0.000000 0.000000 0.000000 0.000000 0.000000 0.000000 0.000000 4464665508300037882012464316416.000000 202213400079725756416.000000
< 6 27 0.000000 17751997780891114434040168448.000000 0.000000 0.000000 0.000000 0.000000 1076471704663581786112.000000 54222995869145422704762945536.000000 4611253921894205331462946816.000000
< 6 28 848239731794390695163199488.000000 4630367995381525399818207232.000000 16484886004034416148480.000000 4321258708843473647240740864.000000 0.000000 0.000000 4464665508300037882012464316416.000000 202213400079725756416.000000 0.000000
< 6 29 17751997780891114434040168448.000000 0.000000 0.000000 0.000000 0.000000 1076471704663581786112.000000 54222995869145422704762945536.000000 4611253921894205331462946816.000000 3392958927177562780652797952.000000
---
> 5 25 0.044444 0.011111 0.011111 0.011109 0.011111 0.002778 0.002779 0.002777 0.002778
> 5 26 0.044439 0.011111 0.011110 0.011097 0.011110 0.002778 0.002773 0.002775 0.002778
> 5 27 0.044411 0.011114 0.011106 0.011062 0.011103 0.002778 0.002761 0.002765 0.002778
> 5 28 0.044340 0.011125 0.011091 0.011035 0.011085 0.002781 0.002756 0.002758 0.002781
> 5 29 0.044332 0.011139 0.011084 0.011024 0.011083 0.002784 0.002758 0.002756 0.002785
> 6 0 0.044445 0.011120 0.011111 0.011102 0.011111 0.002781 0.002775 0.002776 0.002780
> 6 1 0.044557 0.011198 0.011139 0.011084 0.011139 0.002799 0.002771 0.002771 0.002799
> 6 2 0.044551 0.011189 0.011138 0.011099 0.011138 0.002798 0.002774 0.002775 0.002797
> 6 3 0.044478 0.011161 0.011122 0.011109 0.011120 0.002790 0.002777 0.002777 0.002790
> 6 4 0.044448 0.011124 0.011113 0.011111 0.011112 0.002779 0.002778 0.002778 0.002781
> 6 5 0.044444 0.011112 0.011111 0.011111 0.011111 0.002777 0.002778 0.002778 0.002778
> 6 6 0.044444 0.011111 0.011111 0.011111 0.011111 0.002778 0.002778 0.002778 0.002778
> 6 7 0.044444 0.011111 0.011111 0.011111 0.011111 0.002778 0.002778 0.002778 0.002778
> 6 8 0.044444 0.011111 0.011111 0.011111 0.011111 0.002778 0.002778 0.002778 0.002778
> 6 9 0.044444 0.011111 0.011111 0.011111 0.011111 0.002778 0.002778 0.002778 0.002778
> 6 10 0.044444 0.011111 0.011111 0.011111 0.011111 0.002778 0.002778 0.002778 0.002778
> 6 11 0.044444 0.011111 0.011111 0.011111 0.011111 0.002778 0.002778 0.002778 0.002778
> 6 12 0.044444 0.011111 0.011111 0.011111 0.011111 0.002778 0.002778 0.002778 0.002778
> 6 13 0.044444 0.011111 0.011111 0.011111 0.011111 0.002778 0.002778 0.002778 0.002778
> 6 14 0.044444 0.011111 0.011111 0.011111 0.011111 0.002778 0.002778 0.002778 0.002778
> 6 15 0.044444 0.011111 0.011111 0.011111 0.011111 0.002778 0.002778 0.002778 0.002778
> 6 16 0.044444 0.011111 0.011111 0.011111 0.011111 0.002778 0.002778 0.002778 0.002778
> 6 17 0.044444 0.011111 0.011111 0.011111 0.011111 0.002778 0.002778 0.002778 0.002778
> 6 18 0.044444 0.011111 0.011111 0.011111 0.011111 0.002778 0.002778 0.002778 0.002778
> 6 19 0.044444 0.011111 0.011111 0.011111 0.011111 0.002778 0.002778 0.002778 0.002778
> 6 20 0.044444 0.011111 0.011111 0.011111 0.011111 0.002778 0.002778 0.002778 0.002778
> 6 21 0.044444 0.011111 0.011111 0.011111 0.011111 0.002778 0.002778 0.002778 0.002778
> 6 22 0.044444 0.011111 0.011111 0.011111 0.011111 0.002778 0.002778 0.002778 0.002778
> 6 23 0.044444 0.011111 0.011111 0.011111 0.011111 0.002778 0.002778 0.002778 0.002778
> 6 24 0.044444 0.011111 0.011111 0.011111 0.011111 0.002778 0.002778 0.002778 0.002778
> 6 25 0.044444 0.011111 0.011111 0.011110 0.011111 0.002778 0.002778 0.002777 0.002778
> 6 26 0.044441 0.011111 0.011109 0.011099 0.011110 0.002778 0.002776 0.002775 0.002778
> 6 27 0.044411 0.011113 0.011101 0.011061 0.011103 0.002778 0.002766 0.002765 0.002778
> 6 28 0.044338 0.011123 0.011084 0.011033 0.011085 0.002781 0.002758 0.002758 0.002781
> 6 29 0.044332 0.011138 0.011083 0.011024 0.011083 0.002785 0.002756 0.002756 0.002785
1070,1071c1070,1071
< av velocity: 2.572964876890E-04
< tot density: 6.000022888184E+01
---
> av velocity: 2.690871478990E-04
> tot density: 6.000004577637E+01
1073,1076c1073,1076
< Reynolds number:		1.903994381428E-01
< Elapsed time:			0.036392 (s)
< Elapsed user CPU time:		0.033994 (s)
< Elapsed system CPU time:	0.046992 (s)
---
> Reynolds number:		1.991245299578E-01
> Elapsed time:			0.005267 (s)
> Elapsed user CPU time:		0.004999 (s)
> Elapsed system CPU time:	0.002999 (s)
