2c2
< Time is Mon Nov 18 02:50:15 GMT 2013
---
> Time is Mon Nov 18 02:51:16 GMT 2013
4c4
< PBS job ID is 678025.bluecrystal1.cm.cluster
---
> PBS job ID is 678026.bluecrystal1.cm.cluster
7,36c7,36
< 0 0 0.000000 0.000000 0.000000 0.000000 0.000000 0.000000 0.000000 0.000000 0.000000
< 0 1 0.000000 0.000000 0.000000 0.000000 0.000000 0.000000 0.000000 0.000000 0.000000
< 0 2 0.000000 0.000000 0.000000 0.000000 0.000000 0.000000 0.000000 0.000000 0.000000
< 0 3 0.000000 0.000000 0.000000 0.000000 0.000000 0.000000 0.000000 0.000000 0.000000
< 0 4 0.000000 0.000000 0.000000 0.000000 0.000000 0.000000 0.000000 0.000000 0.000000
< 0 5 0.000000 0.000000 0.000000 0.000000 0.000000 0.000000 0.000000 0.000000 0.000000
< 0 6 0.000000 0.000000 0.000000 0.000000 0.000000 0.000000 0.000000 0.000000 0.000000
< 0 7 0.000000 0.000000 0.000000 0.000000 0.000000 0.000000 0.000000 0.000000 0.000000
< 0 8 0.000000 0.000000 0.000000 0.000000 0.000000 0.000000 0.000000 0.000000 0.000000
< 0 9 0.000000 0.000000 0.000000 0.000000 0.000000 0.000000 0.000000 0.000000 0.000000
< 0 10 0.000000 0.000000 0.000000 0.000000 0.000000 0.000000 0.000000 0.000000 0.000000
< 0 11 0.000000 0.000000 0.000000 0.000000 0.000000 0.000000 0.000000 0.000000 0.000000
< 0 12 0.000000 0.000000 0.000000 0.000000 0.000000 0.000000 0.000000 0.000000 0.000000
< 0 13 0.000000 0.000000 0.000000 0.000000 0.000000 0.000000 0.000000 0.000000 0.000000
< 0 14 0.000000 0.000000 0.000000 0.000000 0.000000 0.000000 0.000000 0.000000 0.000000
< 0 15 0.000000 0.000000 0.000000 0.000000 0.000000 0.000000 0.000000 0.000000 0.000000
< 0 16 0.000000 0.000000 0.000000 0.000000 0.000000 0.000000 0.000000 0.000000 0.000000
< 0 17 0.000000 0.000000 0.000000 0.000000 0.000000 0.000000 0.000000 0.000000 0.000000
< 0 18 0.000000 0.000000 0.000000 0.000000 0.000000 0.000000 0.000000 0.000000 0.000000
< 0 19 0.000000 0.000000 0.000000 0.000000 0.000000 0.000000 0.000000 0.000000 0.000000
< 0 20 0.000000 0.000000 0.000000 0.000000 0.000000 0.000000 0.000000 0.000000 0.000000
< 0 21 0.000000 0.000000 0.000000 0.000000 0.000000 0.000000 0.000000 0.000000 0.000000
< 0 22 0.000000 0.000000 0.000000 0.000000 0.000000 0.000000 0.000000 0.000000 0.000000
< 0 23 0.000000 0.000000 0.000000 0.000000 0.000000 0.000000 0.000000 0.000000 0.000000
< 0 24 0.000000 0.000000 0.000000 0.000000 0.000000 0.000000 0.000000 0.000000 0.000000
< 0 25 0.000000 0.000000 0.000000 0.000000 0.000000 0.000000 0.000000 0.000000 0.000000
< 0 26 0.000000 0.000000 0.000000 0.000000 0.000000 0.000000 0.000000 0.000000 0.000000
< 0 27 0.000000 0.000000 0.000000 0.000000 0.000000 0.000000 0.000000 0.000000 0.000000
< 0 28 0.000000 0.000000 0.000000 0.000000 0.000000 0.000000 0.000000 0.000000 0.000000
< 0 29 0.000000 0.000000 0.000000 0.000000 0.000000 0.000000 0.000000 0.000000 0.000000
---
> 0 0 0.044444 0.011111 0.011111 0.011111 0.011111 0.002778 0.002778 0.002778 0.002778
> 0 1 0.044444 0.011111 0.011111 0.011111 0.011111 0.002792 0.002778 0.002778 0.002778
> 0 2 0.044444 0.011111 0.011111 0.011111 0.011111 0.002778 0.002778 0.002778 0.002778
> 0 3 0.044444 0.011111 0.011111 0.011111 0.011111 0.002778 0.002778 0.002778 0.002778
> 0 4 0.044444 0.011111 0.011111 0.011111 0.011111 0.002778 0.002778 0.002778 0.002778
> 0 5 0.044444 0.011111 0.011111 0.011111 0.011111 0.002778 0.002778 0.002778 0.002778
> 0 6 0.044444 0.011111 0.011111 0.011111 0.011111 0.002778 0.002778 0.002778 0.002778
> 0 7 0.044444 0.011111 0.011111 0.011111 0.011111 0.002778 0.002778 0.002778 0.002778
> 0 8 0.044444 0.011111 0.011111 0.011111 0.011111 0.002778 0.002778 0.002778 0.002778
> 0 9 0.044444 0.011111 0.011111 0.011111 0.011111 0.002778 0.002778 0.002778 0.002778
> 0 10 0.044444 0.011111 0.011111 0.011111 0.011111 0.002778 0.002778 0.002778 0.002778
> 0 11 0.044444 0.011111 0.011111 0.011111 0.011111 0.002778 0.002778 0.002778 0.002778
> 0 12 0.044444 0.011111 0.011111 0.011111 0.011111 0.002778 0.002778 0.002778 0.002778
> 0 13 0.044444 0.011111 0.011111 0.011111 0.011111 0.002778 0.002778 0.002778 0.002778
> 0 14 0.044444 0.011111 0.011111 0.011111 0.011111 0.002778 0.002778 0.002778 0.002778
> 0 15 0.044444 0.011111 0.011111 0.011111 0.011111 0.002778 0.002778 0.002778 0.002778
> 0 16 0.044444 0.011111 0.011111 0.011111 0.011111 0.002778 0.002778 0.002778 0.002778
> 0 17 0.044444 0.011111 0.011111 0.011111 0.011111 0.002778 0.002778 0.002778 0.002778
> 0 18 0.044444 0.011111 0.011111 0.011111 0.011111 0.002778 0.002778 0.002778 0.002778
> 0 19 0.044444 0.011111 0.011111 0.011111 0.011111 0.002778 0.002778 0.002778 0.002778
> 0 20 0.044444 0.011111 0.011111 0.011111 0.011111 0.002778 0.002778 0.002778 0.002778
> 0 21 0.044444 0.011111 0.011111 0.011111 0.011111 0.002778 0.002778 0.002778 0.002778
> 0 22 0.044444 0.011111 0.011111 0.011111 0.011111 0.002778 0.002778 0.002778 0.002778
> 0 23 0.044444 0.011111 0.011111 0.011111 0.011111 0.002778 0.002778 0.002778 0.002778
> 0 24 0.044444 0.011111 0.011111 0.011111 0.011111 0.002778 0.002778 0.002778 0.002778
> 0 25 0.044444 0.011111 0.011111 0.011111 0.011111 0.002778 0.002778 0.002778 0.002778
> 0 26 0.044444 0.011111 0.011111 0.011111 0.011111 0.002778 0.002778 0.002778 0.002778
> 0 27 0.044444 0.011111 0.011111 0.011111 0.011111 0.002778 0.002778 0.002778 0.002778
> 0 28 0.044444 0.011111 0.011111 0.011111 0.011111 0.002778 0.002778 0.002778 0.002778
> 0 29 0.044444 0.011111 0.011111 0.011111 0.011111 0.002778 0.002764 0.002778 0.002778
187,216c187,216
< 6 0 0.000000 0.000000 0.000000 0.000000 0.000000 0.000000 0.000000 0.000000 0.000000
< 6 1 0.000000 0.000000 0.000000 0.000000 0.000000 0.000000 0.000000 0.000000 0.000000
< 6 2 0.000000 0.000000 0.000000 0.000000 0.000000 0.000000 0.000000 0.000000 0.000000
< 6 3 0.000000 0.000000 0.000000 0.000000 0.000000 0.000000 0.000000 0.000000 0.000000
< 6 4 0.000000 0.000000 0.000000 0.000000 0.000000 0.000000 0.000000 0.000000 0.000000
< 6 5 0.000000 0.000000 0.000000 0.000000 0.000000 0.000000 0.000000 0.000000 0.000000
< 6 6 0.000000 0.000000 0.000000 0.000000 0.000000 0.000000 0.000000 0.000000 0.000000
< 6 7 0.000000 0.000000 0.000000 0.000000 0.000000 0.000000 0.000000 0.000000 0.000000
< 6 8 0.000000 0.000000 0.000000 0.000000 0.000000 0.000000 0.000000 0.000000 0.000000
< 6 9 0.000000 0.000000 0.000000 0.000000 0.000000 0.000000 0.000000 0.000000 0.000000
< 6 10 0.000000 0.000000 0.000000 0.000000 0.000000 0.000000 0.000000 0.000000 0.000000
< 6 11 0.000000 0.000000 0.000000 0.000000 0.000000 0.000000 0.000000 0.000000 0.000000
< 6 12 0.000000 0.000000 0.000000 0.000000 0.000000 0.000000 0.000000 0.000000 0.000000
< 6 13 0.000000 0.000000 0.000000 0.000000 0.000000 0.000000 0.000000 0.000000 0.000000
< 6 14 0.000000 0.000000 0.000000 0.000000 0.000000 0.000000 0.000000 0.000000 0.000000
< 6 15 0.000000 0.000000 0.000000 0.000000 0.000000 0.000000 0.000000 0.000000 0.000000
< 6 16 0.000000 0.000000 0.000000 0.000000 0.000000 0.000000 0.000000 0.000000 0.000000
< 6 17 0.000000 0.000000 0.000000 0.000000 0.000000 0.000000 0.000000 0.000000 0.000000
< 6 18 0.000000 0.000000 0.000000 0.000000 0.000000 0.000000 0.000000 0.000000 0.000000
< 6 19 0.000000 0.000000 0.000000 0.000000 0.000000 0.000000 0.000000 0.000000 0.000000
< 6 20 0.000000 0.000000 0.000000 0.000000 0.000000 0.000000 0.000000 0.000000 0.000000
< 6 21 0.000000 0.000000 0.000000 0.000000 0.000000 0.000000 0.000000 0.000000 0.000000
< 6 22 0.000000 0.000000 0.000000 0.000000 0.000000 0.000000 0.000000 0.000000 0.000000
< 6 23 0.000000 0.000000 0.000000 0.000000 0.000000 0.000000 0.000000 0.000000 0.000000
< 6 24 0.000000 0.000000 0.000000 0.000000 0.000000 0.000000 0.000000 0.000000 0.000000
< 6 25 0.000000 0.000000 0.000000 0.000000 0.000000 0.000000 0.000000 0.000000 0.000000
< 6 26 0.000000 0.000000 0.000000 0.000000 0.000000 0.000000 0.000000 4464665508300037882012464316416.000000 202213400079725756416.000000
< 6 27 0.000000 17751997780891114434040168448.000000 0.000000 0.000000 0.000000 0.000000 1076471704663581786112.000000 54222995869145422704762945536.000000 4611253921894205331462946816.000000
< 6 28 848239731794390695163199488.000000 4630367995381525399818207232.000000 16484886004034416148480.000000 4321258708843473647240740864.000000 0.000000 0.000000 4464665508300037882012464316416.000000 202213400079725756416.000000 0.000000
< 6 29 17751997780891114434040168448.000000 0.000000 0.000000 0.000000 0.000000 1076471704663581786112.000000 54222995869145422704762945536.000000 4611253921894205331462946816.000000 3392958927177562780652797952.000000
---
> 6 0 0.044444 0.011111 0.011111 0.011111 0.011111 0.002778 0.002778 0.002778 0.002778
> 6 1 0.044444 0.011167 0.011111 0.011111 0.011111 0.002792 0.002778 0.002778 0.002792
> 6 2 0.044444 0.011111 0.011111 0.011111 0.011111 0.002778 0.002778 0.002778 0.002778
> 6 3 0.044444 0.011111 0.011111 0.011111 0.011111 0.002778 0.002778 0.002778 0.002778
> 6 4 0.044444 0.011111 0.011111 0.011111 0.011111 0.002778 0.002778 0.002778 0.002778
> 6 5 0.044444 0.011111 0.011111 0.011111 0.011111 0.002778 0.002778 0.002778 0.002778
> 6 6 0.044444 0.011111 0.011111 0.011111 0.011111 0.002778 0.002778 0.002778 0.002778
> 6 7 0.044444 0.011111 0.011111 0.011111 0.011111 0.002778 0.002778 0.002778 0.002778
> 6 8 0.044444 0.011111 0.011111 0.011111 0.011111 0.002778 0.002778 0.002778 0.002778
> 6 9 0.044444 0.011111 0.011111 0.011111 0.011111 0.002778 0.002778 0.002778 0.002778
> 6 10 0.044444 0.011111 0.011111 0.011111 0.011111 0.002778 0.002778 0.002778 0.002778
> 6 11 0.044444 0.011111 0.011111 0.011111 0.011111 0.002778 0.002778 0.002778 0.002778
> 6 12 0.044444 0.011111 0.011111 0.011111 0.011111 0.002778 0.002778 0.002778 0.002778
> 6 13 0.044444 0.011111 0.011111 0.011111 0.011111 0.002778 0.002778 0.002778 0.002778
> 6 14 0.044444 0.011111 0.011111 0.011111 0.011111 0.002778 0.002778 0.002778 0.002778
> 6 15 0.044444 0.011111 0.011111 0.011111 0.011111 0.002778 0.002778 0.002778 0.002778
> 6 16 0.044444 0.011111 0.011111 0.011111 0.011111 0.002778 0.002778 0.002778 0.002778
> 6 17 0.044444 0.011111 0.011111 0.011111 0.011111 0.002778 0.002778 0.002778 0.002778
> 6 18 0.044444 0.011111 0.011111 0.011111 0.011111 0.002778 0.002778 0.002778 0.002778
> 6 19 0.044444 0.011111 0.011111 0.011111 0.011111 0.002778 0.002778 0.002778 0.002778
> 6 20 0.044444 0.011111 0.011111 0.011111 0.011111 0.002778 0.002778 0.002778 0.002778
> 6 21 0.044444 0.011111 0.011111 0.011111 0.011111 0.002778 0.002778 0.002778 0.002778
> 6 22 0.044444 0.011111 0.011111 0.011111 0.011111 0.002778 0.002778 0.002778 0.002778
> 6 23 0.044444 0.011111 0.011111 0.011111 0.011111 0.002778 0.002778 0.002778 0.002778
> 6 24 0.044444 0.011111 0.011111 0.011111 0.011111 0.002778 0.002778 0.002778 0.002778
> 6 25 0.044444 0.011111 0.011111 0.011111 0.011111 0.002778 0.002778 0.002778 0.002778
> 6 26 0.044444 0.011111 0.011111 0.011111 0.011111 0.002778 0.002778 0.002778 0.002778
> 6 27 0.044444 0.011111 0.011111 0.011111 0.011111 0.002778 0.002778 0.002778 0.002778
> 6 28 0.044444 0.011111 0.011111 0.011111 0.011111 0.002778 0.002778 0.002778 0.002778
> 6 29 0.044444 0.011111 0.011111 0.011056 0.011111 0.002778 0.002764 0.002764 0.002778
218,249c218,249
< av velocity: 5.524203515961E-05
< tot density: 6.000034713745E+01
< 0 0 0.000000 0.000000 0.000000 0.000000 0.000000 0.000000 0.000000 0.000000 0.000000
< 0 1 0.000000 0.000000 0.000000 0.000000 0.000000 0.000000 0.000000 0.000000 0.000000
< 0 2 0.000000 0.000000 0.000000 0.000000 0.000000 0.000000 0.000000 0.000000 0.000000
< 0 3 0.000000 0.000000 0.000000 0.000000 0.000000 0.000000 0.000000 0.000000 0.000000
< 0 4 0.000000 0.000000 0.000000 0.000000 0.000000 0.000000 0.000000 0.000000 0.000000
< 0 5 0.000000 0.000000 0.000000 0.000000 0.000000 0.000000 0.000000 0.000000 0.000000
< 0 6 0.000000 0.000000 0.000000 0.000000 0.000000 0.000000 0.000000 0.000000 0.000000
< 0 7 0.000000 0.000000 0.000000 0.000000 0.000000 0.000000 0.000000 0.000000 0.000000
< 0 8 0.000000 0.000000 0.000000 0.000000 0.000000 0.000000 0.000000 0.000000 0.000000
< 0 9 0.000000 0.000000 0.000000 0.000000 0.000000 0.000000 0.000000 0.000000 0.000000
< 0 10 0.000000 0.000000 0.000000 0.000000 0.000000 0.000000 0.000000 0.000000 0.000000
< 0 11 0.000000 0.000000 0.000000 0.000000 0.000000 0.000000 0.000000 0.000000 0.000000
< 0 12 0.000000 0.000000 0.000000 0.000000 0.000000 0.000000 0.000000 0.000000 0.000000
< 0 13 0.000000 0.000000 0.000000 0.000000 0.000000 0.000000 0.000000 0.000000 0.000000
< 0 14 0.000000 0.000000 0.000000 0.000000 0.000000 0.000000 0.000000 0.000000 0.000000
< 0 15 0.000000 0.000000 0.000000 0.000000 0.000000 0.000000 0.000000 0.000000 0.000000
< 0 16 0.000000 0.000000 0.000000 0.000000 0.000000 0.000000 0.000000 0.000000 0.000000
< 0 17 0.000000 0.000000 0.000000 0.000000 0.000000 0.000000 0.000000 0.000000 0.000000
< 0 18 0.000000 0.000000 0.000000 0.000000 0.000000 0.000000 0.000000 0.000000 0.000000
< 0 19 0.000000 0.000000 0.000000 0.000000 0.000000 0.000000 0.000000 0.000000 0.000000
< 0 20 0.000000 0.000000 0.000000 0.000000 0.000000 0.000000 0.000000 0.000000 0.000000
< 0 21 0.000000 0.000000 0.000000 0.000000 0.000000 0.000000 0.000000 0.000000 0.000000
< 0 22 0.000000 0.000000 0.000000 0.000000 0.000000 0.000000 0.000000 0.000000 0.000000
< 0 23 0.000000 0.000000 0.000000 0.000000 0.000000 0.000000 0.000000 0.000000 0.000000
< 0 24 0.000000 0.000000 0.000000 0.000000 0.000000 0.000000 0.000000 0.000000 0.000000
< 0 25 0.000000 0.000000 0.000000 0.000000 0.000000 0.000000 0.000000 0.000000 0.000000
< 0 26 0.000000 0.000000 0.000000 0.000000 0.000000 0.000000 0.000000 0.000000 0.000000
< 0 27 0.000000 0.000000 0.000000 0.000000 0.000000 0.000000 0.000000 0.000000 0.000000
< 0 28 0.000000 0.000000 0.000000 0.000000 0.000000 0.000000 0.000000 0.000000 0.000000
< 0 29 0.000000 0.000000 0.000000 0.000000 0.000000 0.000000 0.000000 0.000000 0.000000
---
> av velocity: 5.524204243557E-05
> tot density: 5.999989700317E+01
> 0 0 0.044444 0.011111 0.011111 0.011111 0.011111 0.002783 0.002773 0.002778 0.002778
> 0 1 0.044444 0.011111 0.011134 0.011111 0.011111 0.002792 0.002778 0.002778 0.002778
> 0 2 0.044444 0.011111 0.011111 0.011111 0.011111 0.002782 0.002778 0.002778 0.002778
> 0 3 0.044444 0.011111 0.011111 0.011111 0.011111 0.002778 0.002778 0.002778 0.002778
> 0 4 0.044444 0.011111 0.011111 0.011111 0.011111 0.002778 0.002778 0.002778 0.002778
> 0 5 0.044444 0.011111 0.011111 0.011111 0.011111 0.002778 0.002778 0.002778 0.002778
> 0 6 0.044444 0.011111 0.011111 0.011111 0.011111 0.002778 0.002778 0.002778 0.002778
> 0 7 0.044444 0.011111 0.011111 0.011111 0.011111 0.002778 0.002778 0.002778 0.002778
> 0 8 0.044444 0.011111 0.011111 0.011111 0.011111 0.002778 0.002778 0.002778 0.002778
> 0 9 0.044444 0.011111 0.011111 0.011111 0.011111 0.002778 0.002778 0.002778 0.002778
> 0 10 0.044444 0.011111 0.011111 0.011111 0.011111 0.002778 0.002778 0.002778 0.002778
> 0 11 0.044444 0.011111 0.011111 0.011111 0.011111 0.002778 0.002778 0.002778 0.002778
> 0 12 0.044444 0.011111 0.011111 0.011111 0.011111 0.002778 0.002778 0.002778 0.002778
> 0 13 0.044444 0.011111 0.011111 0.011111 0.011111 0.002778 0.002778 0.002778 0.002778
> 0 14 0.044444 0.011111 0.011111 0.011111 0.011111 0.002778 0.002778 0.002778 0.002778
> 0 15 0.044444 0.011111 0.011111 0.011111 0.011111 0.002778 0.002778 0.002778 0.002778
> 0 16 0.044444 0.011111 0.011111 0.011111 0.011111 0.002778 0.002778 0.002778 0.002778
> 0 17 0.044444 0.011111 0.011111 0.011111 0.011111 0.002778 0.002778 0.002778 0.002778
> 0 18 0.044444 0.011111 0.011111 0.011111 0.011111 0.002778 0.002778 0.002778 0.002778
> 0 19 0.044444 0.011111 0.011111 0.011111 0.011111 0.002778 0.002778 0.002778 0.002778
> 0 20 0.044444 0.011111 0.011111 0.011111 0.011111 0.002778 0.002778 0.002778 0.002778
> 0 21 0.044444 0.011111 0.011111 0.011111 0.011111 0.002778 0.002778 0.002778 0.002778
> 0 22 0.044444 0.011111 0.011111 0.011111 0.011111 0.002778 0.002778 0.002778 0.002778
> 0 23 0.044444 0.011111 0.011111 0.011111 0.011111 0.002778 0.002778 0.002778 0.002778
> 0 24 0.044444 0.011111 0.011111 0.011111 0.011111 0.002778 0.002778 0.002778 0.002778
> 0 25 0.044444 0.011111 0.011111 0.011111 0.011111 0.002778 0.002778 0.002778 0.002778
> 0 26 0.044444 0.011111 0.011111 0.011111 0.011111 0.002778 0.002778 0.002778 0.002778
> 0 27 0.044444 0.011111 0.011111 0.011111 0.011111 0.002778 0.002778 0.002778 0.002778
> 0 28 0.044444 0.011111 0.011111 0.011111 0.011111 0.002778 0.002773 0.002778 0.002778
> 0 29 0.044444 0.011111 0.011088 0.011111 0.011111 0.002778 0.002764 0.002778 0.002778
400,429c400,429
< 6 0 0.000000 0.000000 0.000000 0.000000 0.000000 0.000000 0.000000 0.000000 0.000000
< 6 1 0.000000 0.000000 0.000000 0.000000 0.000000 0.000000 0.000000 0.000000 0.000000
< 6 2 0.000000 0.000000 0.000000 0.000000 0.000000 0.000000 0.000000 0.000000 0.000000
< 6 3 0.000000 0.000000 0.000000 0.000000 0.000000 0.000000 0.000000 0.000000 0.000000
< 6 4 0.000000 0.000000 0.000000 0.000000 0.000000 0.000000 0.000000 0.000000 0.000000
< 6 5 0.000000 0.000000 0.000000 0.000000 0.000000 0.000000 0.000000 0.000000 0.000000
< 6 6 0.000000 0.000000 0.000000 0.000000 0.000000 0.000000 0.000000 0.000000 0.000000
< 6 7 0.000000 0.000000 0.000000 0.000000 0.000000 0.000000 0.000000 0.000000 0.000000
< 6 8 0.000000 0.000000 0.000000 0.000000 0.000000 0.000000 0.000000 0.000000 0.000000
< 6 9 0.000000 0.000000 0.000000 0.000000 0.000000 0.000000 0.000000 0.000000 0.000000
< 6 10 0.000000 0.000000 0.000000 0.000000 0.000000 0.000000 0.000000 0.000000 0.000000
< 6 11 0.000000 0.000000 0.000000 0.000000 0.000000 0.000000 0.000000 0.000000 0.000000
< 6 12 0.000000 0.000000 0.000000 0.000000 0.000000 0.000000 0.000000 0.000000 0.000000
< 6 13 0.000000 0.000000 0.000000 0.000000 0.000000 0.000000 0.000000 0.000000 0.000000
< 6 14 0.000000 0.000000 0.000000 0.000000 0.000000 0.000000 0.000000 0.000000 0.000000
< 6 15 0.000000 0.000000 0.000000 0.000000 0.000000 0.000000 0.000000 0.000000 0.000000
< 6 16 0.000000 0.000000 0.000000 0.000000 0.000000 0.000000 0.000000 0.000000 0.000000
< 6 17 0.000000 0.000000 0.000000 0.000000 0.000000 0.000000 0.000000 0.000000 0.000000
< 6 18 0.000000 0.000000 0.000000 0.000000 0.000000 0.000000 0.000000 0.000000 0.000000
< 6 19 0.000000 0.000000 0.000000 0.000000 0.000000 0.000000 0.000000 0.000000 0.000000
< 6 20 0.000000 0.000000 0.000000 0.000000 0.000000 0.000000 0.000000 0.000000 0.000000
< 6 21 0.000000 0.000000 0.000000 0.000000 0.000000 0.000000 0.000000 0.000000 0.000000
< 6 22 0.000000 0.000000 0.000000 0.000000 0.000000 0.000000 0.000000 0.000000 0.000000
< 6 23 0.000000 0.000000 0.000000 0.000000 0.000000 0.000000 0.000000 0.000000 0.000000
< 6 24 0.000000 0.000000 0.000000 0.000000 0.000000 0.000000 0.000000 0.000000 0.000000
< 6 25 0.000000 0.000000 0.000000 0.000000 0.000000 0.000000 0.000000 0.000000 0.000000
< 6 26 0.000000 0.000000 0.000000 0.000000 0.000000 0.000000 0.000000 4464665508300037882012464316416.000000 202213400079725756416.000000
< 6 27 0.000000 17751997780891114434040168448.000000 0.000000 0.000000 0.000000 0.000000 1076471704663581786112.000000 54222995869145422704762945536.000000 4611253921894205331462946816.000000
< 6 28 848239731794390695163199488.000000 4630367995381525399818207232.000000 16484886004034416148480.000000 4321258708843473647240740864.000000 0.000000 0.000000 4464665508300037882012464316416.000000 202213400079725756416.000000 0.000000
< 6 29 17751997780891114434040168448.000000 0.000000 0.000000 0.000000 0.000000 1076471704663581786112.000000 54222995869145422704762945536.000000 4611253921894205331462946816.000000 3392958927177562780652797952.000000
---
> 6 0 0.044444 0.011145 0.011111 0.011077 0.011111 0.002786 0.002769 0.002769 0.002786
> 6 1 0.044513 0.011167 0.011128 0.011111 0.011128 0.002792 0.002778 0.002778 0.002792
> 6 2 0.044444 0.011132 0.011111 0.011111 0.011111 0.002783 0.002778 0.002778 0.002783
> 6 3 0.044444 0.011111 0.011111 0.011111 0.011111 0.002778 0.002778 0.002778 0.002778
> 6 4 0.044444 0.011111 0.011111 0.011111 0.011111 0.002778 0.002778 0.002778 0.002778
> 6 5 0.044444 0.011111 0.011111 0.011111 0.011111 0.002778 0.002778 0.002778 0.002778
> 6 6 0.044444 0.011111 0.011111 0.011111 0.011111 0.002778 0.002778 0.002778 0.002778
> 6 7 0.044444 0.011111 0.011111 0.011111 0.011111 0.002778 0.002778 0.002778 0.002778
> 6 8 0.044444 0.011111 0.011111 0.011111 0.011111 0.002778 0.002778 0.002778 0.002778
> 6 9 0.044444 0.011111 0.011111 0.011111 0.011111 0.002778 0.002778 0.002778 0.002778
> 6 10 0.044444 0.011111 0.011111 0.011111 0.011111 0.002778 0.002778 0.002778 0.002778
> 6 11 0.044444 0.011111 0.011111 0.011111 0.011111 0.002778 0.002778 0.002778 0.002778
> 6 12 0.044444 0.011111 0.011111 0.011111 0.011111 0.002778 0.002778 0.002778 0.002778
> 6 13 0.044444 0.011111 0.011111 0.011111 0.011111 0.002778 0.002778 0.002778 0.002778
> 6 14 0.044444 0.011111 0.011111 0.011111 0.011111 0.002778 0.002778 0.002778 0.002778
> 6 15 0.044444 0.011111 0.011111 0.011111 0.011111 0.002778 0.002778 0.002778 0.002778
> 6 16 0.044444 0.011111 0.011111 0.011111 0.011111 0.002778 0.002778 0.002778 0.002778
> 6 17 0.044444 0.011111 0.011111 0.011111 0.011111 0.002778 0.002778 0.002778 0.002778
> 6 18 0.044444 0.011111 0.011111 0.011111 0.011111 0.002778 0.002778 0.002778 0.002778
> 6 19 0.044444 0.011111 0.011111 0.011111 0.011111 0.002778 0.002778 0.002778 0.002778
> 6 20 0.044444 0.011111 0.011111 0.011111 0.011111 0.002778 0.002778 0.002778 0.002778
> 6 21 0.044444 0.011111 0.011111 0.011111 0.011111 0.002778 0.002778 0.002778 0.002778
> 6 22 0.044444 0.011111 0.011111 0.011111 0.011111 0.002778 0.002778 0.002778 0.002778
> 6 23 0.044444 0.011111 0.011111 0.011111 0.011111 0.002778 0.002778 0.002778 0.002778
> 6 24 0.044444 0.011111 0.011111 0.011111 0.011111 0.002778 0.002778 0.002778 0.002778
> 6 25 0.044444 0.011111 0.011111 0.011111 0.011111 0.002778 0.002778 0.002778 0.002778
> 6 26 0.044444 0.011111 0.011111 0.011111 0.011111 0.002778 0.002778 0.002778 0.002778
> 6 27 0.044444 0.011111 0.011111 0.011111 0.011111 0.002778 0.002778 0.002778 0.002778
> 6 28 0.044444 0.011111 0.011111 0.011090 0.011111 0.002778 0.002772 0.002772 0.002778
> 6 29 0.044376 0.011111 0.011094 0.011056 0.011094 0.002778 0.002764 0.002764 0.002778
431,462c431,462
< av velocity: 1.087212513085E-04
< tot density: 6.000032806396E+01
< 0 0 0.000000 0.000000 0.000000 0.000000 0.000000 0.000000 0.000000 0.000000 0.000000
< 0 1 0.000000 0.000000 0.000000 0.000000 0.000000 0.000000 0.000000 0.000000 0.000000
< 0 2 0.000000 0.000000 0.000000 0.000000 0.000000 0.000000 0.000000 0.000000 0.000000
< 0 3 0.000000 0.000000 0.000000 0.000000 0.000000 0.000000 0.000000 0.000000 0.000000
< 0 4 0.000000 0.000000 0.000000 0.000000 0.000000 0.000000 0.000000 0.000000 0.000000
< 0 5 0.000000 0.000000 0.000000 0.000000 0.000000 0.000000 0.000000 0.000000 0.000000
< 0 6 0.000000 0.000000 0.000000 0.000000 0.000000 0.000000 0.000000 0.000000 0.000000
< 0 7 0.000000 0.000000 0.000000 0.000000 0.000000 0.000000 0.000000 0.000000 0.000000
< 0 8 0.000000 0.000000 0.000000 0.000000 0.000000 0.000000 0.000000 0.000000 0.000000
< 0 9 0.000000 0.000000 0.000000 0.000000 0.000000 0.000000 0.000000 0.000000 0.000000
< 0 10 0.000000 0.000000 0.000000 0.000000 0.000000 0.000000 0.000000 0.000000 0.000000
< 0 11 0.000000 0.000000 0.000000 0.000000 0.000000 0.000000 0.000000 0.000000 0.000000
< 0 12 0.000000 0.000000 0.000000 0.000000 0.000000 0.000000 0.000000 0.000000 0.000000
< 0 13 0.000000 0.000000 0.000000 0.000000 0.000000 0.000000 0.000000 0.000000 0.000000
< 0 14 0.000000 0.000000 0.000000 0.000000 0.000000 0.000000 0.000000 0.000000 0.000000
< 0 15 0.000000 0.000000 0.000000 0.000000 0.000000 0.000000 0.000000 0.000000 0.000000
< 0 16 0.000000 0.000000 0.000000 0.000000 0.000000 0.000000 0.000000 0.000000 0.000000
< 0 17 0.000000 0.000000 0.000000 0.000000 0.000000 0.000000 0.000000 0.000000 0.000000
< 0 18 0.000000 0.000000 0.000000 0.000000 0.000000 0.000000 0.000000 0.000000 0.000000
< 0 19 0.000000 0.000000 0.000000 0.000000 0.000000 0.000000 0.000000 0.000000 0.000000
< 0 20 0.000000 0.000000 0.000000 0.000000 0.000000 0.000000 0.000000 0.000000 0.000000
< 0 21 0.000000 0.000000 0.000000 0.000000 0.000000 0.000000 0.000000 0.000000 0.000000
< 0 22 0.000000 0.000000 0.000000 0.000000 0.000000 0.000000 0.000000 0.000000 0.000000
< 0 23 0.000000 0.000000 0.000000 0.000000 0.000000 0.000000 0.000000 0.000000 0.000000
< 0 24 0.000000 0.000000 0.000000 0.000000 0.000000 0.000000 0.000000 0.000000 0.000000
< 0 25 0.000000 0.000000 0.000000 0.000000 0.000000 0.000000 0.000000 0.000000 0.000000
< 0 26 0.000000 0.000000 0.000000 0.000000 0.000000 0.000000 0.000000 0.000000 0.000000
< 0 27 0.000000 0.000000 0.000000 0.000000 0.000000 0.000000 0.000000 0.000000 0.000000
< 0 28 0.000000 0.000000 0.000000 0.000000 0.000000 0.000000 0.000000 0.000000 0.000000
< 0 29 0.000000 0.000000 0.000000 0.000000 0.000000 0.000000 0.000000 0.000000 0.000000
---
> av velocity: 1.087212222046E-04
> tot density: 5.999991226196E+01
> 0 0 0.044444 0.011111 0.011111 0.011111 0.011111 0.002776 0.002779 0.002778 0.002778
> 0 1 0.044444 0.011111 0.011145 0.011111 0.011111 0.002792 0.002777 0.002778 0.002778
> 0 2 0.044444 0.011111 0.011118 0.011111 0.011111 0.002789 0.002778 0.002778 0.002778
> 0 3 0.044444 0.011111 0.011111 0.011111 0.011111 0.002777 0.002778 0.002778 0.002778
> 0 4 0.044444 0.011111 0.011111 0.011111 0.011111 0.002778 0.002778 0.002778 0.002778
> 0 5 0.044444 0.011111 0.011111 0.011111 0.011111 0.002778 0.002778 0.002778 0.002778
> 0 6 0.044444 0.011111 0.011111 0.011111 0.011111 0.002778 0.002778 0.002778 0.002778
> 0 7 0.044444 0.011111 0.011111 0.011111 0.011111 0.002778 0.002778 0.002778 0.002778
> 0 8 0.044444 0.011111 0.011111 0.011111 0.011111 0.002778 0.002778 0.002778 0.002778
> 0 9 0.044444 0.011111 0.011111 0.011111 0.011111 0.002778 0.002778 0.002778 0.002778
> 0 10 0.044444 0.011111 0.011111 0.011111 0.011111 0.002778 0.002778 0.002778 0.002778
> 0 11 0.044444 0.011111 0.011111 0.011111 0.011111 0.002778 0.002778 0.002778 0.002778
> 0 12 0.044444 0.011111 0.011111 0.011111 0.011111 0.002778 0.002778 0.002778 0.002778
> 0 13 0.044444 0.011111 0.011111 0.011111 0.011111 0.002778 0.002778 0.002778 0.002778
> 0 14 0.044444 0.011111 0.011111 0.011111 0.011111 0.002778 0.002778 0.002778 0.002778
> 0 15 0.044444 0.011111 0.011111 0.011111 0.011111 0.002778 0.002778 0.002778 0.002778
> 0 16 0.044444 0.011111 0.011111 0.011111 0.011111 0.002778 0.002778 0.002778 0.002778
> 0 17 0.044444 0.011111 0.011111 0.011111 0.011111 0.002778 0.002778 0.002778 0.002778
> 0 18 0.044444 0.011111 0.011111 0.011111 0.011111 0.002778 0.002778 0.002778 0.002778
> 0 19 0.044444 0.011111 0.011111 0.011111 0.011111 0.002778 0.002778 0.002778 0.002778
> 0 20 0.044444 0.011111 0.011111 0.011111 0.011111 0.002778 0.002778 0.002778 0.002778
> 0 21 0.044444 0.011111 0.011111 0.011111 0.011111 0.002778 0.002778 0.002778 0.002778
> 0 22 0.044444 0.011111 0.011111 0.011111 0.011111 0.002778 0.002778 0.002778 0.002778
> 0 23 0.044444 0.011111 0.011111 0.011111 0.011111 0.002778 0.002778 0.002778 0.002778
> 0 24 0.044444 0.011111 0.011111 0.011111 0.011111 0.002778 0.002778 0.002778 0.002778
> 0 25 0.044444 0.011111 0.011111 0.011111 0.011111 0.002778 0.002778 0.002778 0.002778
> 0 26 0.044444 0.011111 0.011111 0.011111 0.011111 0.002778 0.002778 0.002778 0.002778
> 0 27 0.044444 0.011111 0.011111 0.011111 0.011111 0.002778 0.002778 0.002778 0.002778
> 0 28 0.044444 0.011111 0.011105 0.011111 0.011111 0.002778 0.002767 0.002778 0.002778
> 0 29 0.044444 0.011111 0.011077 0.011111 0.011111 0.002779 0.002764 0.002778 0.002778
613,642c613,642
< 6 0 0.000000 0.000000 0.000000 0.000000 0.000000 0.000000 0.000000 0.000000 0.000000
< 6 1 0.000000 0.000000 0.000000 0.000000 0.000000 0.000000 0.000000 0.000000 0.000000
< 6 2 0.000000 0.000000 0.000000 0.000000 0.000000 0.000000 0.000000 0.000000 0.000000
< 6 3 0.000000 0.000000 0.000000 0.000000 0.000000 0.000000 0.000000 0.000000 0.000000
< 6 4 0.000000 0.000000 0.000000 0.000000 0.000000 0.000000 0.000000 0.000000 0.000000
< 6 5 0.000000 0.000000 0.000000 0.000000 0.000000 0.000000 0.000000 0.000000 0.000000
< 6 6 0.000000 0.000000 0.000000 0.000000 0.000000 0.000000 0.000000 0.000000 0.000000
< 6 7 0.000000 0.000000 0.000000 0.000000 0.000000 0.000000 0.000000 0.000000 0.000000
< 6 8 0.000000 0.000000 0.000000 0.000000 0.000000 0.000000 0.000000 0.000000 0.000000
< 6 9 0.000000 0.000000 0.000000 0.000000 0.000000 0.000000 0.000000 0.000000 0.000000
< 6 10 0.000000 0.000000 0.000000 0.000000 0.000000 0.000000 0.000000 0.000000 0.000000
< 6 11 0.000000 0.000000 0.000000 0.000000 0.000000 0.000000 0.000000 0.000000 0.000000
< 6 12 0.000000 0.000000 0.000000 0.000000 0.000000 0.000000 0.000000 0.000000 0.000000
< 6 13 0.000000 0.000000 0.000000 0.000000 0.000000 0.000000 0.000000 0.000000 0.000000
< 6 14 0.000000 0.000000 0.000000 0.000000 0.000000 0.000000 0.000000 0.000000 0.000000
< 6 15 0.000000 0.000000 0.000000 0.000000 0.000000 0.000000 0.000000 0.000000 0.000000
< 6 16 0.000000 0.000000 0.000000 0.000000 0.000000 0.000000 0.000000 0.000000 0.000000
< 6 17 0.000000 0.000000 0.000000 0.000000 0.000000 0.000000 0.000000 0.000000 0.000000
< 6 18 0.000000 0.000000 0.000000 0.000000 0.000000 0.000000 0.000000 0.000000 0.000000
< 6 19 0.000000 0.000000 0.000000 0.000000 0.000000 0.000000 0.000000 0.000000 0.000000
< 6 20 0.000000 0.000000 0.000000 0.000000 0.000000 0.000000 0.000000 0.000000 0.000000
< 6 21 0.000000 0.000000 0.000000 0.000000 0.000000 0.000000 0.000000 0.000000 0.000000
< 6 22 0.000000 0.000000 0.000000 0.000000 0.000000 0.000000 0.000000 0.000000 0.000000
< 6 23 0.000000 0.000000 0.000000 0.000000 0.000000 0.000000 0.000000 0.000000 0.000000
< 6 24 0.000000 0.000000 0.000000 0.000000 0.000000 0.000000 0.000000 0.000000 0.000000
< 6 25 0.000000 0.000000 0.000000 0.000000 0.000000 0.000000 0.000000 0.000000 0.000000
< 6 26 0.000000 0.000000 0.000000 0.000000 0.000000 0.000000 0.000000 4464665508300037882012464316416.000000 202213400079725756416.000000
< 6 27 0.000000 17751997780891114434040168448.000000 0.000000 0.000000 0.000000 0.000000 1076471704663581786112.000000 54222995869145422704762945536.000000 4611253921894205331462946816.000000
< 6 28 848239731794390695163199488.000000 4630367995381525399818207232.000000 16484886004034416148480.000000 4321258708843473647240740864.000000 0.000000 0.000000 4464665508300037882012464316416.000000 202213400079725756416.000000 0.000000
< 6 29 17751997780891114434040168448.000000 0.000000 0.000000 0.000000 0.000000 1076471704663581786112.000000 54222995869145422704762945536.000000 4611253921894205331462946816.000000 3392958927177562780652797952.000000
---
> 6 0 0.044444 0.011124 0.011111 0.011098 0.011111 0.002781 0.002774 0.002774 0.002781
> 6 1 0.044539 0.011201 0.011135 0.011098 0.011135 0.002800 0.002774 0.002774 0.002800
> 6 2 0.044471 0.011154 0.011118 0.011111 0.011118 0.002788 0.002778 0.002778 0.002788
> 6 3 0.044444 0.011119 0.011111 0.011111 0.011111 0.002780 0.002778 0.002778 0.002780
> 6 4 0.044444 0.011111 0.011111 0.011111 0.011111 0.002778 0.002778 0.002778 0.002778
> 6 5 0.044444 0.011111 0.011111 0.011111 0.011111 0.002778 0.002778 0.002778 0.002778
> 6 6 0.044444 0.011111 0.011111 0.011111 0.011111 0.002778 0.002778 0.002778 0.002778
> 6 7 0.044444 0.011111 0.011111 0.011111 0.011111 0.002778 0.002778 0.002778 0.002778
> 6 8 0.044444 0.011111 0.011111 0.011111 0.011111 0.002778 0.002778 0.002778 0.002778
> 6 9 0.044444 0.011111 0.011111 0.011111 0.011111 0.002778 0.002778 0.002778 0.002778
> 6 10 0.044444 0.011111 0.011111 0.011111 0.011111 0.002778 0.002778 0.002778 0.002778
> 6 11 0.044444 0.011111 0.011111 0.011111 0.011111 0.002778 0.002778 0.002778 0.002778
> 6 12 0.044444 0.011111 0.011111 0.011111 0.011111 0.002778 0.002778 0.002778 0.002778
> 6 13 0.044444 0.011111 0.011111 0.011111 0.011111 0.002778 0.002778 0.002778 0.002778
> 6 14 0.044444 0.011111 0.011111 0.011111 0.011111 0.002778 0.002778 0.002778 0.002778
> 6 15 0.044444 0.011111 0.011111 0.011111 0.011111 0.002778 0.002778 0.002778 0.002778
> 6 16 0.044444 0.011111 0.011111 0.011111 0.011111 0.002778 0.002778 0.002778 0.002778
> 6 17 0.044444 0.011111 0.011111 0.011111 0.011111 0.002778 0.002778 0.002778 0.002778
> 6 18 0.044444 0.011111 0.011111 0.011111 0.011111 0.002778 0.002778 0.002778 0.002778
> 6 19 0.044444 0.011111 0.011111 0.011111 0.011111 0.002778 0.002778 0.002778 0.002778
> 6 20 0.044444 0.011111 0.011111 0.011111 0.011111 0.002778 0.002778 0.002778 0.002778
> 6 21 0.044444 0.011111 0.011111 0.011111 0.011111 0.002778 0.002778 0.002778 0.002778
> 6 22 0.044444 0.011111 0.011111 0.011111 0.011111 0.002778 0.002778 0.002778 0.002778
> 6 23 0.044444 0.011111 0.011111 0.011111 0.011111 0.002778 0.002778 0.002778 0.002778
> 6 24 0.044444 0.011111 0.011111 0.011111 0.011111 0.002778 0.002778 0.002778 0.002778
> 6 25 0.044444 0.011111 0.011111 0.011111 0.011111 0.002778 0.002778 0.002778 0.002778
> 6 26 0.044444 0.011111 0.011111 0.011111 0.011111 0.002778 0.002778 0.002778 0.002778
> 6 27 0.044444 0.011111 0.011111 0.011103 0.011111 0.002778 0.002776 0.002776 0.002778
> 6 28 0.044418 0.011111 0.011105 0.011069 0.011105 0.002778 0.002767 0.002767 0.002778
> 6 29 0.044350 0.011124 0.011087 0.011021 0.011087 0.002781 0.002755 0.002755 0.002781
645,675c645,675
< tot density: 6.000026702881E+01
< 0 0 0.000000 0.000000 0.000000 0.000000 0.000000 0.000000 0.000000 0.000000 0.000000
< 0 1 0.000000 0.000000 0.000000 0.000000 0.000000 0.000000 0.000000 0.000000 0.000000
< 0 2 0.000000 0.000000 0.000000 0.000000 0.000000 0.000000 0.000000 0.000000 0.000000
< 0 3 0.000000 0.000000 0.000000 0.000000 0.000000 0.000000 0.000000 0.000000 0.000000
< 0 4 0.000000 0.000000 0.000000 0.000000 0.000000 0.000000 0.000000 0.000000 0.000000
< 0 5 0.000000 0.000000 0.000000 0.000000 0.000000 0.000000 0.000000 0.000000 0.000000
< 0 6 0.000000 0.000000 0.000000 0.000000 0.000000 0.000000 0.000000 0.000000 0.000000
< 0 7 0.000000 0.000000 0.000000 0.000000 0.000000 0.000000 0.000000 0.000000 0.000000
< 0 8 0.000000 0.000000 0.000000 0.000000 0.000000 0.000000 0.000000 0.000000 0.000000
< 0 9 0.000000 0.000000 0.000000 0.000000 0.000000 0.000000 0.000000 0.000000 0.000000
< 0 10 0.000000 0.000000 0.000000 0.000000 0.000000 0.000000 0.000000 0.000000 0.000000
< 0 11 0.000000 0.000000 0.000000 0.000000 0.000000 0.000000 0.000000 0.000000 0.000000
< 0 12 0.000000 0.000000 0.000000 0.000000 0.000000 0.000000 0.000000 0.000000 0.000000
< 0 13 0.000000 0.000000 0.000000 0.000000 0.000000 0.000000 0.000000 0.000000 0.000000
< 0 14 0.000000 0.000000 0.000000 0.000000 0.000000 0.000000 0.000000 0.000000 0.000000
< 0 15 0.000000 0.000000 0.000000 0.000000 0.000000 0.000000 0.000000 0.000000 0.000000
< 0 16 0.000000 0.000000 0.000000 0.000000 0.000000 0.000000 0.000000 0.000000 0.000000
< 0 17 0.000000 0.000000 0.000000 0.000000 0.000000 0.000000 0.000000 0.000000 0.000000
< 0 18 0.000000 0.000000 0.000000 0.000000 0.000000 0.000000 0.000000 0.000000 0.000000
< 0 19 0.000000 0.000000 0.000000 0.000000 0.000000 0.000000 0.000000 0.000000 0.000000
< 0 20 0.000000 0.000000 0.000000 0.000000 0.000000 0.000000 0.000000 0.000000 0.000000
< 0 21 0.000000 0.000000 0.000000 0.000000 0.000000 0.000000 0.000000 0.000000 0.000000
< 0 22 0.000000 0.000000 0.000000 0.000000 0.000000 0.000000 0.000000 0.000000 0.000000
< 0 23 0.000000 0.000000 0.000000 0.000000 0.000000 0.000000 0.000000 0.000000 0.000000
< 0 24 0.000000 0.000000 0.000000 0.000000 0.000000 0.000000 0.000000 0.000000 0.000000
< 0 25 0.000000 0.000000 0.000000 0.000000 0.000000 0.000000 0.000000 0.000000 0.000000
< 0 26 0.000000 0.000000 0.000000 0.000000 0.000000 0.000000 0.000000 0.000000 0.000000
< 0 27 0.000000 0.000000 0.000000 0.000000 0.000000 0.000000 0.000000 0.000000 0.000000
< 0 28 0.000000 0.000000 0.000000 0.000000 0.000000 0.000000 0.000000 0.000000 0.000000
< 0 29 0.000000 0.000000 0.000000 0.000000 0.000000 0.000000 0.000000 0.000000 0.000000
---
> tot density: 5.999991226196E+01
> 0 0 0.044444 0.011111 0.011111 0.011111 0.011111 0.002773 0.002783 0.002778 0.002778
> 0 1 0.044444 0.011111 0.011141 0.011111 0.011111 0.002790 0.002777 0.002778 0.002778
> 0 2 0.044444 0.011111 0.011128 0.011111 0.011111 0.002785 0.002777 0.002778 0.002778
> 0 3 0.044444 0.011111 0.011114 0.011111 0.011111 0.002779 0.002778 0.002778 0.002778
> 0 4 0.044444 0.011111 0.011111 0.011111 0.011111 0.002777 0.002778 0.002778 0.002778
> 0 5 0.044444 0.011111 0.011111 0.011111 0.011111 0.002778 0.002778 0.002778 0.002778
> 0 6 0.044444 0.011111 0.011111 0.011111 0.011111 0.002778 0.002778 0.002778 0.002778
> 0 7 0.044444 0.011111 0.011111 0.011111 0.011111 0.002778 0.002778 0.002778 0.002778
> 0 8 0.044444 0.011111 0.011111 0.011111 0.011111 0.002778 0.002778 0.002778 0.002778
> 0 9 0.044444 0.011111 0.011111 0.011111 0.011111 0.002778 0.002778 0.002778 0.002778
> 0 10 0.044444 0.011111 0.011111 0.011111 0.011111 0.002778 0.002778 0.002778 0.002778
> 0 11 0.044444 0.011111 0.011111 0.011111 0.011111 0.002778 0.002778 0.002778 0.002778
> 0 12 0.044444 0.011111 0.011111 0.011111 0.011111 0.002778 0.002778 0.002778 0.002778
> 0 13 0.044444 0.011111 0.011111 0.011111 0.011111 0.002778 0.002778 0.002778 0.002778
> 0 14 0.044444 0.011111 0.011111 0.011111 0.011111 0.002778 0.002778 0.002778 0.002778
> 0 15 0.044444 0.011111 0.011111 0.011111 0.011111 0.002778 0.002778 0.002778 0.002778
> 0 16 0.044444 0.011111 0.011111 0.011111 0.011111 0.002778 0.002778 0.002778 0.002778
> 0 17 0.044444 0.011111 0.011111 0.011111 0.011111 0.002778 0.002778 0.002778 0.002778
> 0 18 0.044444 0.011111 0.011111 0.011111 0.011111 0.002778 0.002778 0.002778 0.002778
> 0 19 0.044444 0.011111 0.011111 0.011111 0.011111 0.002778 0.002778 0.002778 0.002778
> 0 20 0.044444 0.011111 0.011111 0.011111 0.011111 0.002778 0.002778 0.002778 0.002778
> 0 21 0.044444 0.011111 0.011111 0.011111 0.011111 0.002778 0.002778 0.002778 0.002778
> 0 22 0.044444 0.011111 0.011111 0.011111 0.011111 0.002778 0.002778 0.002778 0.002778
> 0 23 0.044444 0.011111 0.011111 0.011111 0.011111 0.002778 0.002778 0.002778 0.002778
> 0 24 0.044444 0.011111 0.011111 0.011111 0.011111 0.002778 0.002778 0.002778 0.002778
> 0 25 0.044444 0.011111 0.011111 0.011111 0.011111 0.002778 0.002778 0.002778 0.002778
> 0 26 0.044444 0.011111 0.011111 0.011111 0.011111 0.002778 0.002778 0.002778 0.002778
> 0 27 0.044444 0.011111 0.011108 0.011111 0.011111 0.002778 0.002777 0.002778 0.002778
> 0 28 0.044444 0.011111 0.011094 0.011111 0.011111 0.002778 0.002771 0.002778 0.002778
> 0 29 0.044444 0.011111 0.011081 0.011111 0.011111 0.002778 0.002765 0.002778 0.002778
826,855c826,855
< 6 0 0.000000 0.000000 0.000000 0.000000 0.000000 0.000000 0.000000 0.000000 0.000000
< 6 1 0.000000 0.000000 0.000000 0.000000 0.000000 0.000000 0.000000 0.000000 0.000000
< 6 2 0.000000 0.000000 0.000000 0.000000 0.000000 0.000000 0.000000 0.000000 0.000000
< 6 3 0.000000 0.000000 0.000000 0.000000 0.000000 0.000000 0.000000 0.000000 0.000000
< 6 4 0.000000 0.000000 0.000000 0.000000 0.000000 0.000000 0.000000 0.000000 0.000000
< 6 5 0.000000 0.000000 0.000000 0.000000 0.000000 0.000000 0.000000 0.000000 0.000000
< 6 6 0.000000 0.000000 0.000000 0.000000 0.000000 0.000000 0.000000 0.000000 0.000000
< 6 7 0.000000 0.000000 0.000000 0.000000 0.000000 0.000000 0.000000 0.000000 0.000000
< 6 8 0.000000 0.000000 0.000000 0.000000 0.000000 0.000000 0.000000 0.000000 0.000000
< 6 9 0.000000 0.000000 0.000000 0.000000 0.000000 0.000000 0.000000 0.000000 0.000000
< 6 10 0.000000 0.000000 0.000000 0.000000 0.000000 0.000000 0.000000 0.000000 0.000000
< 6 11 0.000000 0.000000 0.000000 0.000000 0.000000 0.000000 0.000000 0.000000 0.000000
< 6 12 0.000000 0.000000 0.000000 0.000000 0.000000 0.000000 0.000000 0.000000 0.000000
< 6 13 0.000000 0.000000 0.000000 0.000000 0.000000 0.000000 0.000000 0.000000 0.000000
< 6 14 0.000000 0.000000 0.000000 0.000000 0.000000 0.000000 0.000000 0.000000 0.000000
< 6 15 0.000000 0.000000 0.000000 0.000000 0.000000 0.000000 0.000000 0.000000 0.000000
< 6 16 0.000000 0.000000 0.000000 0.000000 0.000000 0.000000 0.000000 0.000000 0.000000
< 6 17 0.000000 0.000000 0.000000 0.000000 0.000000 0.000000 0.000000 0.000000 0.000000
< 6 18 0.000000 0.000000 0.000000 0.000000 0.000000 0.000000 0.000000 0.000000 0.000000
< 6 19 0.000000 0.000000 0.000000 0.000000 0.000000 0.000000 0.000000 0.000000 0.000000
< 6 20 0.000000 0.000000 0.000000 0.000000 0.000000 0.000000 0.000000 0.000000 0.000000
< 6 21 0.000000 0.000000 0.000000 0.000000 0.000000 0.000000 0.000000 0.000000 0.000000
< 6 22 0.000000 0.000000 0.000000 0.000000 0.000000 0.000000 0.000000 0.000000 0.000000
< 6 23 0.000000 0.000000 0.000000 0.000000 0.000000 0.000000 0.000000 0.000000 0.000000
< 6 24 0.000000 0.000000 0.000000 0.000000 0.000000 0.000000 0.000000 0.000000 0.000000
< 6 25 0.000000 0.000000 0.000000 0.000000 0.000000 0.000000 0.000000 0.000000 0.000000
< 6 26 0.000000 0.000000 0.000000 0.000000 0.000000 0.000000 0.000000 4464665508300037882012464316416.000000 202213400079725756416.000000
< 6 27 0.000000 17751997780891114434040168448.000000 0.000000 0.000000 0.000000 0.000000 1076471704663581786112.000000 54222995869145422704762945536.000000 4611253921894205331462946816.000000
< 6 28 848239731794390695163199488.000000 4630367995381525399818207232.000000 16484886004034416148480.000000 4321258708843473647240740864.000000 0.000000 0.000000 4464665508300037882012464316416.000000 202213400079725756416.000000 0.000000
< 6 29 17751997780891114434040168448.000000 0.000000 0.000000 0.000000 0.000000 1076471704663581786112.000000 54222995869145422704762945536.000000 4611253921894205331462946816.000000 3392958927177562780652797952.000000
---
> 6 0 0.044444 0.011142 0.011111 0.011080 0.011111 0.002786 0.002770 0.002770 0.002786
> 6 1 0.044575 0.011180 0.011144 0.011093 0.011144 0.002795 0.002773 0.002773 0.002795
> 6 2 0.044507 0.011183 0.011127 0.011106 0.011127 0.002796 0.002777 0.002777 0.002796
> 6 3 0.044455 0.011136 0.011114 0.011111 0.011114 0.002784 0.002778 0.002778 0.002784
> 6 4 0.044444 0.011114 0.011111 0.011111 0.011111 0.002779 0.002778 0.002778 0.002779
> 6 5 0.044444 0.011111 0.011111 0.011111 0.011111 0.002778 0.002778 0.002778 0.002778
> 6 6 0.044444 0.011111 0.011111 0.011111 0.011111 0.002778 0.002778 0.002778 0.002778
> 6 7 0.044444 0.011111 0.011111 0.011111 0.011111 0.002778 0.002778 0.002778 0.002778
> 6 8 0.044444 0.011111 0.011111 0.011111 0.011111 0.002778 0.002778 0.002778 0.002778
> 6 9 0.044444 0.011111 0.011111 0.011111 0.011111 0.002778 0.002778 0.002778 0.002778
> 6 10 0.044444 0.011111 0.011111 0.011111 0.011111 0.002778 0.002778 0.002778 0.002778
> 6 11 0.044444 0.011111 0.011111 0.011111 0.011111 0.002778 0.002778 0.002778 0.002778
> 6 12 0.044444 0.011111 0.011111 0.011111 0.011111 0.002778 0.002778 0.002778 0.002778
> 6 13 0.044444 0.011111 0.011111 0.011111 0.011111 0.002778 0.002778 0.002778 0.002778
> 6 14 0.044444 0.011111 0.011111 0.011111 0.011111 0.002778 0.002778 0.002778 0.002778
> 6 15 0.044444 0.011111 0.011111 0.011111 0.011111 0.002778 0.002778 0.002778 0.002778
> 6 16 0.044444 0.011111 0.011111 0.011111 0.011111 0.002778 0.002778 0.002778 0.002778
> 6 17 0.044444 0.011111 0.011111 0.011111 0.011111 0.002778 0.002778 0.002778 0.002778
> 6 18 0.044444 0.011111 0.011111 0.011111 0.011111 0.002778 0.002778 0.002778 0.002778
> 6 19 0.044444 0.011111 0.011111 0.011111 0.011111 0.002778 0.002778 0.002778 0.002778
> 6 20 0.044444 0.011111 0.011111 0.011111 0.011111 0.002778 0.002778 0.002778 0.002778
> 6 21 0.044444 0.011111 0.011111 0.011111 0.011111 0.002778 0.002778 0.002778 0.002778
> 6 22 0.044444 0.011111 0.011111 0.011111 0.011111 0.002778 0.002778 0.002778 0.002778
> 6 23 0.044444 0.011111 0.011111 0.011111 0.011111 0.002778 0.002778 0.002778 0.002778
> 6 24 0.044444 0.011111 0.011111 0.011111 0.011111 0.002778 0.002778 0.002778 0.002778
> 6 25 0.044444 0.011111 0.011111 0.011111 0.011111 0.002778 0.002778 0.002778 0.002778
> 6 26 0.044444 0.011111 0.011111 0.011108 0.011111 0.002778 0.002777 0.002777 0.002778
> 6 27 0.044434 0.011111 0.011109 0.011087 0.011109 0.002778 0.002772 0.002772 0.002778
> 6 28 0.044382 0.011116 0.011096 0.011040 0.011096 0.002779 0.002760 0.002760 0.002779
> 6 29 0.044313 0.011129 0.011078 0.011042 0.011078 0.002782 0.002761 0.002761 0.002782
857,888c857,888
< av velocity: 2.147675113520E-04
< tot density: 6.000026702881E+01
< 0 0 0.000000 0.000000 0.000000 0.000000 0.000000 0.000000 0.000000 0.000000 0.000000
< 0 1 0.000000 0.000000 0.000000 0.000000 0.000000 0.000000 0.000000 0.000000 0.000000
< 0 2 0.000000 0.000000 0.000000 0.000000 0.000000 0.000000 0.000000 0.000000 0.000000
< 0 3 0.000000 0.000000 0.000000 0.000000 0.000000 0.000000 0.000000 0.000000 0.000000
< 0 4 0.000000 0.000000 0.000000 0.000000 0.000000 0.000000 0.000000 0.000000 0.000000
< 0 5 0.000000 0.000000 0.000000 0.000000 0.000000 0.000000 0.000000 0.000000 0.000000
< 0 6 0.000000 0.000000 0.000000 0.000000 0.000000 0.000000 0.000000 0.000000 0.000000
< 0 7 0.000000 0.000000 0.000000 0.000000 0.000000 0.000000 0.000000 0.000000 0.000000
< 0 8 0.000000 0.000000 0.000000 0.000000 0.000000 0.000000 0.000000 0.000000 0.000000
< 0 9 0.000000 0.000000 0.000000 0.000000 0.000000 0.000000 0.000000 0.000000 0.000000
< 0 10 0.000000 0.000000 0.000000 0.000000 0.000000 0.000000 0.000000 0.000000 0.000000
< 0 11 0.000000 0.000000 0.000000 0.000000 0.000000 0.000000 0.000000 0.000000 0.000000
< 0 12 0.000000 0.000000 0.000000 0.000000 0.000000 0.000000 0.000000 0.000000 0.000000
< 0 13 0.000000 0.000000 0.000000 0.000000 0.000000 0.000000 0.000000 0.000000 0.000000
< 0 14 0.000000 0.000000 0.000000 0.000000 0.000000 0.000000 0.000000 0.000000 0.000000
< 0 15 0.000000 0.000000 0.000000 0.000000 0.000000 0.000000 0.000000 0.000000 0.000000
< 0 16 0.000000 0.000000 0.000000 0.000000 0.000000 0.000000 0.000000 0.000000 0.000000
< 0 17 0.000000 0.000000 0.000000 0.000000 0.000000 0.000000 0.000000 0.000000 0.000000
< 0 18 0.000000 0.000000 0.000000 0.000000 0.000000 0.000000 0.000000 0.000000 0.000000
< 0 19 0.000000 0.000000 0.000000 0.000000 0.000000 0.000000 0.000000 0.000000 0.000000
< 0 20 0.000000 0.000000 0.000000 0.000000 0.000000 0.000000 0.000000 0.000000 0.000000
< 0 21 0.000000 0.000000 0.000000 0.000000 0.000000 0.000000 0.000000 0.000000 0.000000
< 0 22 0.000000 0.000000 0.000000 0.000000 0.000000 0.000000 0.000000 0.000000 0.000000
< 0 23 0.000000 0.000000 0.000000 0.000000 0.000000 0.000000 0.000000 0.000000 0.000000
< 0 24 0.000000 0.000000 0.000000 0.000000 0.000000 0.000000 0.000000 0.000000 0.000000
< 0 25 0.000000 0.000000 0.000000 0.000000 0.000000 0.000000 0.000000 0.000000 0.000000
< 0 26 0.000000 0.000000 0.000000 0.000000 0.000000 0.000000 0.000000 0.000000 0.000000
< 0 27 0.000000 0.000000 0.000000 0.000000 0.000000 0.000000 0.000000 0.000000 0.000000
< 0 28 0.000000 0.000000 0.000000 0.000000 0.000000 0.000000 0.000000 0.000000 0.000000
< 0 29 0.000000 0.000000 0.000000 0.000000 0.000000 0.000000 0.000000 0.000000 0.000000
---
> av velocity: 2.147674968001E-04
> tot density: 5.999983215332E+01
> 0 0 0.044444 0.011111 0.011111 0.011111 0.011111 0.002774 0.002782 0.002778 0.002778
> 0 1 0.044444 0.011111 0.011131 0.011111 0.011111 0.002784 0.002780 0.002778 0.002778
> 0 2 0.044444 0.011111 0.011138 0.011111 0.011111 0.002784 0.002778 0.002778 0.002778
> 0 3 0.044444 0.011111 0.011120 0.011111 0.011111 0.002781 0.002778 0.002778 0.002778
> 0 4 0.044444 0.011111 0.011113 0.011111 0.011111 0.002778 0.002778 0.002778 0.002778
> 0 5 0.044444 0.011111 0.011111 0.011111 0.011111 0.002777 0.002778 0.002778 0.002778
> 0 6 0.044444 0.011111 0.011111 0.011111 0.011111 0.002778 0.002778 0.002778 0.002778
> 0 7 0.044444 0.011111 0.011111 0.011111 0.011111 0.002778 0.002778 0.002778 0.002778
> 0 8 0.044444 0.011111 0.011111 0.011111 0.011111 0.002778 0.002778 0.002778 0.002778
> 0 9 0.044444 0.011111 0.011111 0.011111 0.011111 0.002778 0.002778 0.002778 0.002778
> 0 10 0.044444 0.011111 0.011111 0.011111 0.011111 0.002778 0.002778 0.002778 0.002778
> 0 11 0.044444 0.011111 0.011111 0.011111 0.011111 0.002778 0.002778 0.002778 0.002778
> 0 12 0.044444 0.011111 0.011111 0.011111 0.011111 0.002778 0.002778 0.002778 0.002778
> 0 13 0.044444 0.011111 0.011111 0.011111 0.011111 0.002778 0.002778 0.002778 0.002778
> 0 14 0.044444 0.011111 0.011111 0.011111 0.011111 0.002778 0.002778 0.002778 0.002778
> 0 15 0.044444 0.011111 0.011111 0.011111 0.011111 0.002778 0.002778 0.002778 0.002778
> 0 16 0.044444 0.011111 0.011111 0.011111 0.011111 0.002778 0.002778 0.002778 0.002778
> 0 17 0.044444 0.011111 0.011111 0.011111 0.011111 0.002778 0.002778 0.002778 0.002778
> 0 18 0.044444 0.011111 0.011111 0.011111 0.011111 0.002778 0.002778 0.002778 0.002778
> 0 19 0.044444 0.011111 0.011111 0.011111 0.011111 0.002778 0.002778 0.002778 0.002778
> 0 20 0.044444 0.011111 0.011111 0.011111 0.011111 0.002778 0.002778 0.002778 0.002778
> 0 21 0.044444 0.011111 0.011111 0.011111 0.011111 0.002778 0.002778 0.002778 0.002778
> 0 22 0.044444 0.011111 0.011111 0.011111 0.011111 0.002778 0.002778 0.002778 0.002778
> 0 23 0.044444 0.011111 0.011111 0.011111 0.011111 0.002778 0.002778 0.002778 0.002778
> 0 24 0.044444 0.011111 0.011111 0.011111 0.011111 0.002778 0.002778 0.002778 0.002778
> 0 25 0.044444 0.011111 0.011111 0.011111 0.011111 0.002778 0.002778 0.002778 0.002778
> 0 26 0.044444 0.011111 0.011109 0.011111 0.011111 0.002778 0.002778 0.002778 0.002778
> 0 27 0.044444 0.011111 0.011102 0.011111 0.011111 0.002778 0.002774 0.002778 0.002778
> 0 28 0.044444 0.011111 0.011085 0.011111 0.011111 0.002778 0.002772 0.002778 0.002778
> 0 29 0.044444 0.011111 0.011091 0.011111 0.011111 0.002776 0.002771 0.002778 0.002778
1039,1068c1039,1068
< 6 0 0.000000 0.000000 0.000000 0.000000 0.000000 0.000000 0.000000 0.000000 0.000000
< 6 1 0.000000 0.000000 0.000000 0.000000 0.000000 0.000000 0.000000 0.000000 0.000000
< 6 2 0.000000 0.000000 0.000000 0.000000 0.000000 0.000000 0.000000 0.000000 0.000000
< 6 3 0.000000 0.000000 0.000000 0.000000 0.000000 0.000000 0.000000 0.000000 0.000000
< 6 4 0.000000 0.000000 0.000000 0.000000 0.000000 0.000000 0.000000 0.000000 0.000000
< 6 5 0.000000 0.000000 0.000000 0.000000 0.000000 0.000000 0.000000 0.000000 0.000000
< 6 6 0.000000 0.000000 0.000000 0.000000 0.000000 0.000000 0.000000 0.000000 0.000000
< 6 7 0.000000 0.000000 0.000000 0.000000 0.000000 0.000000 0.000000 0.000000 0.000000
< 6 8 0.000000 0.000000 0.000000 0.000000 0.000000 0.000000 0.000000 0.000000 0.000000
< 6 9 0.000000 0.000000 0.000000 0.000000 0.000000 0.000000 0.000000 0.000000 0.000000
< 6 10 0.000000 0.000000 0.000000 0.000000 0.000000 0.000000 0.000000 0.000000 0.000000
< 6 11 0.000000 0.000000 0.000000 0.000000 0.000000 0.000000 0.000000 0.000000 0.000000
< 6 12 0.000000 0.000000 0.000000 0.000000 0.000000 0.000000 0.000000 0.000000 0.000000
< 6 13 0.000000 0.000000 0.000000 0.000000 0.000000 0.000000 0.000000 0.000000 0.000000
< 6 14 0.000000 0.000000 0.000000 0.000000 0.000000 0.000000 0.000000 0.000000 0.000000
< 6 15 0.000000 0.000000 0.000000 0.000000 0.000000 0.000000 0.000000 0.000000 0.000000
< 6 16 0.000000 0.000000 0.000000 0.000000 0.000000 0.000000 0.000000 0.000000 0.000000
< 6 17 0.000000 0.000000 0.000000 0.000000 0.000000 0.000000 0.000000 0.000000 0.000000
< 6 18 0.000000 0.000000 0.000000 0.000000 0.000000 0.000000 0.000000 0.000000 0.000000
< 6 19 0.000000 0.000000 0.000000 0.000000 0.000000 0.000000 0.000000 0.000000 0.000000
< 6 20 0.000000 0.000000 0.000000 0.000000 0.000000 0.000000 0.000000 0.000000 0.000000
< 6 21 0.000000 0.000000 0.000000 0.000000 0.000000 0.000000 0.000000 0.000000 0.000000
< 6 22 0.000000 0.000000 0.000000 0.000000 0.000000 0.000000 0.000000 0.000000 0.000000
< 6 23 0.000000 0.000000 0.000000 0.000000 0.000000 0.000000 0.000000 0.000000 0.000000
< 6 24 0.000000 0.000000 0.000000 0.000000 0.000000 0.000000 0.000000 0.000000 0.000000
< 6 25 0.000000 0.000000 0.000000 0.000000 0.000000 0.000000 0.000000 0.000000 0.000000
< 6 26 0.000000 0.000000 0.000000 0.000000 0.000000 0.000000 0.000000 4464665508300037882012464316416.000000 202213400079725756416.000000
< 6 27 0.000000 17751997780891114434040168448.000000 0.000000 0.000000 0.000000 0.000000 1076471704663581786112.000000 54222995869145422704762945536.000000 4611253921894205331462946816.000000
< 6 28 848239731794390695163199488.000000 4630367995381525399818207232.000000 16484886004034416148480.000000 4321258708843473647240740864.000000 0.000000 0.000000 4464665508300037882012464316416.000000 202213400079725756416.000000 0.000000
< 6 29 17751997780891114434040168448.000000 0.000000 0.000000 0.000000 0.000000 1076471704663581786112.000000 54222995869145422704762945536.000000 4611253921894205331462946816.000000 3392958927177562780652797952.000000
---
> 6 0 0.044445 0.011120 0.011111 0.011102 0.011111 0.002781 0.002775 0.002776 0.002780
> 6 1 0.044557 0.011198 0.011139 0.011084 0.011139 0.002799 0.002771 0.002771 0.002799
> 6 2 0.044551 0.011189 0.011138 0.011099 0.011138 0.002798 0.002774 0.002775 0.002797
> 6 3 0.044478 0.011161 0.011122 0.011109 0.011120 0.002790 0.002777 0.002777 0.002790
> 6 4 0.044448 0.011124 0.011113 0.011111 0.011112 0.002779 0.002778 0.002778 0.002781
> 6 5 0.044444 0.011112 0.011111 0.011111 0.011111 0.002777 0.002778 0.002778 0.002778
> 6 6 0.044444 0.011111 0.011111 0.011111 0.011111 0.002778 0.002778 0.002778 0.002778
> 6 7 0.044444 0.011111 0.011111 0.011111 0.011111 0.002778 0.002778 0.002778 0.002778
> 6 8 0.044444 0.011111 0.011111 0.011111 0.011111 0.002778 0.002778 0.002778 0.002778
> 6 9 0.044444 0.011111 0.011111 0.011111 0.011111 0.002778 0.002778 0.002778 0.002778
> 6 10 0.044444 0.011111 0.011111 0.011111 0.011111 0.002778 0.002778 0.002778 0.002778
> 6 11 0.044444 0.011111 0.011111 0.011111 0.011111 0.002778 0.002778 0.002778 0.002778
> 6 12 0.044444 0.011111 0.011111 0.011111 0.011111 0.002778 0.002778 0.002778 0.002778
> 6 13 0.044444 0.011111 0.011111 0.011111 0.011111 0.002778 0.002778 0.002778 0.002778
> 6 14 0.044444 0.011111 0.011111 0.011111 0.011111 0.002778 0.002778 0.002778 0.002778
> 6 15 0.044444 0.011111 0.011111 0.011111 0.011111 0.002778 0.002778 0.002778 0.002778
> 6 16 0.044444 0.011111 0.011111 0.011111 0.011111 0.002778 0.002778 0.002778 0.002778
> 6 17 0.044444 0.011111 0.011111 0.011111 0.011111 0.002778 0.002778 0.002778 0.002778
> 6 18 0.044444 0.011111 0.011111 0.011111 0.011111 0.002778 0.002778 0.002778 0.002778
> 6 19 0.044444 0.011111 0.011111 0.011111 0.011111 0.002778 0.002778 0.002778 0.002778
> 6 20 0.044444 0.011111 0.011111 0.011111 0.011111 0.002778 0.002778 0.002778 0.002778
> 6 21 0.044444 0.011111 0.011111 0.011111 0.011111 0.002778 0.002778 0.002778 0.002778
> 6 22 0.044444 0.011111 0.011111 0.011111 0.011111 0.002778 0.002778 0.002778 0.002778
> 6 23 0.044444 0.011111 0.011111 0.011111 0.011111 0.002778 0.002778 0.002778 0.002778
> 6 24 0.044444 0.011111 0.011111 0.011111 0.011111 0.002778 0.002778 0.002778 0.002778
> 6 25 0.044444 0.011111 0.011111 0.011110 0.011111 0.002778 0.002778 0.002777 0.002778
> 6 26 0.044441 0.011111 0.011109 0.011099 0.011110 0.002778 0.002776 0.002775 0.002778
> 6 27 0.044411 0.011113 0.011101 0.011061 0.011103 0.002778 0.002766 0.002765 0.002778
> 6 28 0.044338 0.011123 0.011084 0.011033 0.011085 0.002781 0.002758 0.002758 0.002781
> 6 29 0.044332 0.011138 0.011083 0.011024 0.011083 0.002785 0.002756 0.002756 0.002785
1070,1071c1070,1071
< av velocity: 2.690872934181E-04
< tot density: 6.000023269653E+01
---
> av velocity: 2.690871478990E-04
> tot density: 6.000004577637E+01
1073,1076c1073,1076
< Reynolds number:		1.991246342659E-01
< Elapsed time:			0.037913 (s)
< Elapsed user CPU time:		0.055991 (s)
< Elapsed system CPU time:	0.025996 (s)
---
> Reynolds number:		1.991245299578E-01
> Elapsed time:			0.005230 (s)
> Elapsed user CPU time:		0.004999 (s)
> Elapsed system CPU time:	0.001999 (s)
